6.86327
6.86351
6.86463
6.86572
6.8659
6.86736
6.86783
6.86956
6.86961
6.86962
6.86969
6.86992
6.87012
6.87206
6.87252
6.873
6.87396
6.87611
6.87631
6.87642
6.87646
6.87728
6.87825
6.87926
6.87951
6.87965
6.87968
6.88056
6.8808
6.88106
6.88138
6.88148
6.88236
6.88422
6.88472
6.88495
6.88522
6.8859
6.88719
6.88764
6.88849
6.88948
6.88975
6.89011
6.89053
6.89054
6.89062
6.89066
6.89079
6.89081
6.89107
6.89203
6.89292
6.89315
6.89345
6.89368
6.8945
6.89493
6.89507
6.89528
6.89574
6.89754
6.89773
6.89778
6.89791
6.89806
6.89809
6.89809
6.89846
6.89866
6.89867
6.89901
6.89971
6.89984
6.9002
6.90035
6.90093
6.90096
6.9017
6.90274
6.90329
6.90341
6.90387
6.90438
6.90459
6.9046
6.90498
6.9065
6.90712
6.90727
6.9077
6.90809
6.90878
6.90927
6.90943
6.90962
6.90968
6.91
6.91044
6.91056
6.9108
6.91092
6.91355
6.91394
6.91446
6.91621
6.91785
6.91785
6.91839
6.91892
6.91942
6.91956
6.91956
6.92005
6.92119
6.92127
6.92212
6.92242
6.92299
6.92315
6.92567
6.92574
6.92603
6.9261
6.92731
6.9274
6.92747
6.92749
6.92758
6.92886
6.92891
6.93053
6.93244
6.93252
6.93264
6.93279
6.93359
6.9336
6.93474
6.93504
6.93509
6.93638
6.9369
6.93699
6.93703
6.93719
6.93733
6.9375
6.93751
6.93764
6.93824
6.93908
6.93927
6.9394
6.93941
6.93954
6.93984
6.94022
6.94092
6.94144
6.94186
6.94201
6.94216
6.94295
6.94296
6.9438
6.94421
6.94437
6.94458
6.94482
6.94507
6.94529
6.94558
6.94615
6.94616
6.94619
6.94712
6.94761
6.94852
6.94863
6.94876
6.9489
6.94963
6.95013
6.95018
6.95031
6.95055
6.95064
6.95179
6.95231
6.95235
6.95277
6.95385
6.95387
6.95397
6.95429
6.95429
6.95485
6.95487
6.95512
6.95567
6.95674
6.95675
6.9569
6.95702
6.95733
6.95745
6.95775
6.95824
6.95842
6.95889
6.95972
6.95976
6.96019
6.96052
6.96053
6.96075
6.96117
6.96139
6.96141
6.96153
6.9617
6.9618
6.96236
6.9624
6.96245
6.96266
6.96279
6.9633
6.96365
6.96421
6.96467
6.96546
6.9656
6.96573
6.96579
6.96653
6.96661
6.96703
6.96763
6.96763
6.96775
6.96777
6.96788
6.96805
6.96836
6.96878
6.96925
6.96929
6.96939
6.96969
6.97001
6.97004
6.97012
6.97159
6.97195
6.97254
6.97258
6.97259
6.97286
6.97325
6.9734
6.97439
6.97445
6.97455
6.97473
6.97476
6.97484
6.97587
6.97599
6.97601
6.97608
6.97614
6.97616
6.97621
6.97666
6.97818
6.97834
6.97875
6.97898
6.97915
6.97943
6.97957
6.97972
6.97999
6.98029
6.98113
6.98129
6.98147
6.98149
6.98247
6.98253
6.98255
6.98257
6.98261
6.98298
6.98464
6.9857
6.9857
6.98585
6.98597
6.98611
6.98677
6.9868
6.98696
6.98741
6.9875
6.98751
6.9876
6.98843
6.9889
6.98899
6.98905
6.98919
6.9898
6.98993
6.99035
6.99044
6.99072
6.99127
6.9914
6.99148
6.99198
6.99253
6.9928
6.99424
6.99429
6.99448
6.99541
6.9956
6.99621
6.99636
6.9966
6.99702
6.99734
6.99772
6.99803
6.99828
6.99959
6.99967
7.00024
7.00041
7.00045
7.00083
7.00191
7.00362
7.00372
7.00381
7.00458
7.00522
7.00555
7.00602
7.00605
7.00633
7.00653
7.0066
7.00735
7.00743
7.00898
7.00898
7.01011
7.01039
7.01075
7.01136
7.01141
7.0116
7.0116
7.01178
7.01203
7.01218
7.0122
7.01229
7.013
7.0133
7.01368
7.01375
7.01388
7.01446
7.0147
7.01484
7.01495
7.01535
7.01548
7.01681
7.01721
7.01721
7.01727
7.01756
7.01775
7.01814
7.01824
7.0189
7.01899
7.01922
7.02007
7.02018
7.0205
7.02058
7.02179
7.02199
7.02233
7.0227
7.02311
7.02398
7.02401
7.02423
7.02482
7.02522
7.02533
7.02643
7.02643
7.02702
7.02722
7.02778
7.0281
7.02818
7.02836
7.02851
7.02867
7.02951
7.02977
7.03046
7.03062
7.03063
7.03067
7.03134
7.03147
7.03195
7.03369
7.03381
7.03388
7.0341
7.03429
7.03435
7.03472
7.03489
7.03563
7.03568
7.03681
7.03693
7.03713
7.03765
7.03768
7.03773
7.03819
7.0383
7.03865
7.03942
7.03975
7.0404
7.04107
7.04112
7.04212
7.04233
7.04235
7.04259
7.04368
7.04421
7.0443
7.04437
7.04438
7.04444
7.0448
7.04499
7.04532
7.04549
7.04573
7.04651
7.04669
7.04677
7.04685
7.04776
7.04883
7.05054
7.05072
7.05135
7.05171
7.05254
7.05262
7.05263
7.0536
7.05407
7.05412
7.05511
7.05541
7.05552
7.05578
7.05587
7.05643
7.05643
7.05697
7.057
7.05754
7.05826
7.05855
7.05913
7.05925
7.05948
7.05975
7.05976
7.05994
7.06021
7.06059
7.06119
7.06134
7.06175
7.06314
7.06423
7.06502
7.06506
7.0655
7.06564
7.06607
7.06633
7.06674
7.06734
7.06742
7.06767
7.06769
7.06781
7.068
7.06804
7.06867
7.06918
7.06935
7.06956
7.06982
7.07017
7.07034
7.07066
7.07069
7.07079
7.07099
7.07132
7.07168
7.07179
7.07237
7.07252
7.07262
7.07297
7.07388
7.07403
7.07487
7.0754
7.07541
7.07552
7.07589
7.07616
7.07636
7.07648
7.07716
7.07732
7.07736
7.07752
7.07799
7.07939
7.07976
7.08028
7.08029
7.08031
7.08032
7.0804
7.08072
7.08073
7.08084
7.0812
7.08164
7.08183
7.08191
7.08241
7.08252
7.08284
7.08322
7.08332
7.08339
7.08468
7.08521
7.08573
7.08582
7.08642
7.08642
7.08686
7.08687
7.08731
7.08737
7.08808
7.08815
7.08833
7.08845
7.08857
7.08857
7.08922
7.08932
7.08956
7.09013
7.09037
7.09046
7.09214
7.09237
7.09238
7.09305
7.09386
7.09422
7.09485
7.09523
7.09528
7.09535
7.09564
7.09597
7.09626
7.09633
7.09655
7.09666
7.09742
7.09795
7.0984
7.09908
7.0991
7.09958
7.09973
7.09983
7.1004
7.10044
7.10067
7.10088
7.10098
7.10099
7.10104
7.10135
7.10175
7.10186
7.10253
7.10267
7.10344
7.10388
7.10416
7.1043
7.10442
7.10489
7.1055
7.10582
7.10597
7.10609
7.10621
7.10658
7.10661
7.10697
7.10699
7.10747
7.10753
7.10783
7.10783
7.10814
7.10929
7.10932
7.1095
7.10981
7.1109
7.11106
7.11132
7.11133
7.11214
7.11238
7.11239
7.11256
7.11285
7.1131
7.11318
7.11331
7.11333
7.11364
7.1137
7.11495
7.11517
7.11522
7.11554
7.11572
7.11613
7.11685
7.11716
7.11777
7.11825
7.11852
7.11888
7.11929
7.11929
7.11986
7.11988
7.11988
7.12015
7.1202
7.12035
7.12052
7.12054
7.12061
7.12107
7.12166
7.12187
7.12215
7.12238
7.12266
7.12267
7.12276
7.12285
7.12303
7.12352
7.12361
7.12382
7.12475
7.12476
7.12481
7.12533
7.12542
7.12556
7.12579
7.12612
7.12625
7.12666
7.12674
7.12683
7.12692
7.12717
7.1277
7.12782
7.12832
7.12844
7.12868
7.12888
7.12904
7.12917
7.12969
7.12998
7.13006
7.13009
7.13011
7.13062
7.1307
7.13089
7.13114
7.13125
7.13176
7.1321
7.1332
7.13326
7.13348
7.13353
7.13402
7.13507
7.13514
7.13521
7.13521
7.13545
7.13561
7.13563
7.13604
7.13618
7.1363
7.13635
7.1364
7.13672
7.13725
7.13738
7.13743
7.13744
7.1378
7.13805
7.13816
7.13845
7.13849
7.13873
7.13888
7.13895
7.13921
7.1394
7.13981
7.13982
7.1399
7.14033
7.14074
7.14084
7.14093
7.1411
7.14114
7.14141
7.14161
7.14181
7.14182
7.14206
7.14276
7.14324
7.14333
7.14433
7.14446
7.1448
7.1452
7.14568
7.14621
7.14626
7.14724
7.14727
7.14741
7.14789
7.14832
7.14853
7.14863
7.14889
7.14891
7.14896
7.14928
7.14985
7.14988
7.15147
7.15175
7.15196
7.15242
7.15288
7.15291
7.1531
7.15328
7.15334
7.15352
7.15379
7.15385
7.15398
7.15399
7.15405
7.15426
7.15451
7.15482
7.1549
7.15509
7.15543
7.15571
7.15611
7.1564
7.15644
7.15669
7.15718
7.15725
7.15745
7.15759
7.15814
7.15837
7.15839
7.15867
7.15893
7.1593
7.16111
7.16319
7.16322
7.16323
7.16371
7.16409
7.16447
7.16486
7.16529
7.16581
7.16583
7.16612
7.16616
7.16642
7.16678
7.16695
7.16714
7.16723
7.16754
7.16808
7.16811
7.16823
7.1685
7.16894
7.16974
7.16987
7.17061
7.17072
7.17111
7.17116
7.1712
7.17121
7.17143
7.17165
7.17194
7.17209
7.1723
7.17258
7.17291
7.17312
7.17331
7.17348
7.1738
7.17381
7.17512
7.17514
7.17523
7.1753
7.17532
7.17535
7.17552
7.1758
7.17645
7.1765
7.17658
7.17683
7.17693
7.17847
7.17855
7.17859
7.17897
7.17923
7.17924
7.17948
7.1804
7.18077
7.18082
7.18108
7.1812
7.18148
7.18177
7.18231
7.18283
7.1829
7.18325
7.18332
7.18355
7.18378
7.18385
7.18386
7.18406
7.18409
7.18415
7.18426
7.18431
7.18455
7.18472
7.18474
7.18494
7.18522
7.18522
7.18577
7.18604
7.18667
7.18697
7.18713
7.1874
7.18755
7.18779
7.18795
7.18811
7.18871
7.18884
7.18995
7.19016
7.19019
7.19047
7.19052
7.19066
7.19074
7.19105
7.19116
7.1912
7.19166
7.19364
7.19372
7.19462
7.19466
7.1948
7.19506
7.19507
7.19518
7.19551
7.1956
7.19585
7.19596
7.19612
7.19643
7.19649
7.19703
7.1974
7.19761
7.19777
7.19815
7.19841
7.19843
7.1986
7.19877
7.1992
7.19973
7.20021
7.20033
7.20057
7.20085
7.20146
7.20146
7.2021
7.20247
7.20297
7.20371
7.20376
7.20448
7.20461
7.20465
7.20487
7.20516
7.20543
7.20588
7.20627
7.20691
7.20765
7.20841
7.20848
7.20864
7.2089
7.209
7.20935
7.20953
7.20969
7.21004
7.21041
7.21042
7.21048
7.21058
7.21074
7.21078
7.21109
7.21123
7.21137
7.21158
7.21159
7.21215
7.21235
7.21276
7.21282
7.21292
7.21296
7.21335
7.21341
7.21422
7.21422
7.21429
7.21443
7.21484
7.21486
7.21513
7.21532
7.21615
7.21718
7.21746
7.21759
7.21792
7.21793
7.21807
7.21824
7.21859
7.21878
7.2189
7.21921
7.21934
7.21935
7.21972
7.22
7.22027
7.2203
7.22038
7.2205
7.22059
7.22072
7.22114
7.22137
7.22165
7.22168
7.22186
7.22189
7.22196
7.22255
7.22262
7.2231
7.22312
7.22329
7.22354
7.22358
7.22455
7.22457
7.22471
7.22483
7.22503
7.22524
7.22532
7.22536
7.22537
7.22541
7.2255
7.22575
7.22638
7.22668
7.22682
7.22712
7.22785
7.22824
7.22827
7.22844
7.22858
7.22883
7.22901
7.22911
7.22923
7.22947
7.22956
7.23019
7.2302
7.23052
7.23073
7.23077
7.23082
7.23087
7.23123
7.23128
7.23141
7.23143
7.23145
7.23151
7.2316
7.23187
7.23205
7.23207
7.23208
7.23213
7.23259
7.23305
7.23325
7.23341
7.23452
7.23503
7.23538
7.2357
7.23571
7.23608
7.23613
7.23616
7.2367
7.23682
7.23693
7.23738
7.23775
7.23793
7.23829
7.23911
7.23963
7.23976
7.23977
7.2398
7.23987
7.23995
7.24004
7.24036
7.24047
7.2405
7.24088
7.24089
7.24094
7.24096
7.24112
7.24112
7.24113
7.24115
7.24139
7.24161
7.24228
7.24234
7.24267
7.24296
7.24328
7.24355
7.24369
7.24411
7.24411
7.24417
7.24446
7.24468
7.24507
7.24516
7.24543
7.24554
7.24575
7.24592
7.24649
7.24649
7.24667
7.24691
7.24697
7.24763
7.24772
7.24789
7.24808
7.24829
7.24854
7.24867
7.24881
7.24887
7.24888
7.2492
7.24932
7.2495
7.24966
7.24975
7.24981
7.25006
7.25079
7.2508
7.25139
7.25148
7.25156
7.25166
7.25195
7.2523
7.25249
7.25259
7.25283
7.25294
7.25295
7.25303
7.25304
7.25307
7.2538
7.2538
7.25399
7.2548
7.25482
7.25493
7.25524
7.25557
7.25563
7.25575
7.25594
7.25625
7.25635
7.25677
7.25682
7.25685
7.25746
7.2576
7.25787
7.25791
7.25823
7.25827
7.25852
7.25854
7.25927
7.25933
7.26059
7.26071
7.26116
7.2614
7.26163
7.26213
7.26242
7.26242
7.26276
7.263
7.26315
7.26322
7.26331
7.26334
7.26337
7.26341
7.26365
7.26373
7.26387
7.26415
7.26421
7.26453
7.26475
7.26526
7.26578
7.26588
7.2659
7.26598
7.26616
7.26751
7.26754
7.26756
7.2678
7.26788
7.26793
7.26833
7.2686
7.26902
7.26907
7.27
7.27091
7.27162
7.27178
7.272
7.27212
7.27227
7.27257
7.27277
7.27282
7.27319
7.27321
7.27329
7.27336
7.27343
7.27366
7.27368
7.2739
7.2742
7.27424
7.27472
7.27484
7.2751
7.27541
7.27575
7.27609
7.27609
7.27612
7.27646
7.27686
7.27693
7.27753
7.27765
7.27767
7.27838
7.27844
7.27919
7.27923
7.27947
7.27966
7.27966
7.27992
7.28005
7.28034
7.28073
7.28077
7.28138
7.28153
7.28163
7.282
7.28238
7.28239
7.28259
7.2831
7.28315
7.28393
7.28397
7.28435
7.28461
7.28503
7.28525
7.2853
7.28591
7.28604
7.28654
7.28656
7.28664
7.28684
7.28695
7.28774
7.28799
7.28857
7.28859
7.28884
7.28912
7.28915
7.28923
7.28975
7.28986
7.2899
7.2901
7.29013
7.29077
7.29092
7.29103
7.29109
7.29124
7.29165
7.29172
7.29183
7.29213
7.29213
7.29236
7.29288
7.29337
7.29411
7.29425
7.29456
7.29457
7.29465
7.29487
7.29505
7.29505
7.2955
7.29565
7.29578
7.29579
7.29613
7.29621
7.29622
7.29623
7.29629
7.29632
7.29633
7.29644
7.29651
7.29659
7.29674
7.29683
7.29689
7.29706
7.29729
7.29783
7.29784
7.29797
7.29811
7.29811
7.29815
7.2983
7.2984
7.29843
7.29879
7.29891
7.29918
7.29937
7.29961
7.29971
7.30013
7.3005
7.30093
7.30114
7.3013
7.30134
7.30179
7.302
7.30208
7.30243
7.30275
7.30305
7.30371
7.30384
7.30404
7.3044
7.30474
7.30478
7.30486
7.30501
7.30538
7.30549
7.30575
7.30583
7.30632
7.30649
7.30676
7.30689
7.30706
7.30715
7.30715
7.30762
7.30768
7.30803
7.30807
7.30824
7.30831
7.30831
7.30854
7.30872
7.30873
7.30877
7.30888
7.30901
7.30921
7.30961
7.31026
7.31085
7.31103
7.31182
7.3122
7.31226
7.31236
7.31245
7.31293
7.31323
7.31369
7.3137
7.31374
7.31405
7.31408
7.31542
7.31588
7.31589
7.31607
7.3162
7.31682
7.31695
7.317
7.31704
7.31707
7.31753
7.31771
7.31772
7.31826
7.31849
7.31851
7.31863
7.31874
7.31891
7.31906
7.31939
7.31954
7.31966
7.3197
7.3198
7.31994
7.32011
7.32014
7.32073
7.32082
7.32094
7.3214
7.32187
7.32233
7.32338
7.32356
7.32387
7.32392
7.32392
7.32395
7.32397
7.32406
7.32421
7.32426
7.32434
7.32452
7.32482
7.32519
7.32562
7.32592
7.32595
7.32633
7.32639
7.3266
7.32662
7.32666
7.327
7.32711
7.32728
7.32731
7.32762
7.32766
7.32778
7.32792
7.32807
7.3284
7.32872
7.32893
7.32904
7.32914
7.32939
7.3294
7.32991
7.3302
7.33048
7.33077
7.33086
7.33103
7.33103
7.33135
7.33136
7.33185
7.33191
7.33198
7.33223
7.33237
7.33269
7.33282
7.333
7.33329
7.33362
7.33415
7.33475
7.33508
7.33541
7.33543
7.33564
7.33579
7.3358
7.3361
7.33626
7.33637
7.33667
7.33682
7.33695
7.33733
7.33733
7.33739
7.33768
7.33795
7.33899
7.33948
7.33948
7.33963
7.34089
7.34125
7.34157
7.34158
7.34173
7.34186
7.3423
7.34241
7.34242
7.34286
7.34321
7.34335
7.34337
7.34373
7.34385
7.34398
7.3445
7.34487
7.34502
7.34525
7.34527
7.34644
7.34674
7.34691
7.34718
7.34726
7.34729
7.348
7.34812
7.34813
7.34831
7.34835
7.34897
7.34935
7.3497
7.34982
7.34984
7.35002
7.35003
7.35076
7.35091
7.35153
7.35154
7.35162
7.35257
7.35263
7.3532
7.35414
7.35415
7.35426
7.35443
7.35468
7.35502
7.35515
7.35524
7.35564
7.35596
7.35602
7.35605
7.35617
7.35618
7.35624
7.35628
7.35647
7.35659
7.35689
7.35694
7.35723
7.35724
7.35732
7.35735
7.35742
7.3575
7.358
7.358
7.35812
7.35894
7.35895
7.35902
7.35904
7.35919
7.3595
7.35956
7.36002
7.36045
7.36048
7.3608
7.36107
7.36117
7.36125
7.36165
7.36187
7.36208
7.36213
7.36229
7.36238
7.36295
7.36309
7.36319
7.36327
7.36358
7.36359
7.36398
7.36414
7.36455
7.36464
7.36476
7.36508
7.36534
7.36583
7.36613
7.36623
7.36639
7.3664
7.3665
7.36683
7.36699
7.36719
7.36728
7.3675
7.36795
7.36869
7.36931
7.36984
7.36996
7.37046
7.37055
7.3708
7.3711
7.37123
7.37137
7.37145
7.37147
7.37147
7.37166
7.3718
7.37212
7.37231
7.37233
7.37244
7.37289
7.37309
7.37316
7.37331
7.37347
7.37354
7.37382
7.37383
7.37393
7.37426
7.37429
7.37433
7.3744
7.37464
7.37498
7.37519
7.37567
7.37569
7.37593
7.37608
7.37613
7.37626
7.37659
7.37714
7.37722
7.37725
7.37726
7.37762
7.37773
7.3778
7.3778
7.3783
7.37862
7.37907
7.37912
7.37925
7.37943
7.37955
7.37977
7.37988
7.37992
7.38015
7.3802
7.38022
7.38032
7.38044
7.3805
7.38057
7.38063
7.38071
7.38121
7.38128
7.38146
7.38158
7.3816
7.38166
7.38171
7.38178
7.38211
7.38213
7.38229
7.38242
7.38264
7.38267
7.3827
7.38322
7.38338
7.38378
7.38422
7.38508
7.38531
7.38573
7.38578
7.38587
7.38615
7.38619
7.38624
7.38663
7.38672
7.38687
7.38721
7.38732
7.38738
7.38768
7.388
7.38832
7.38836
7.3884
7.38843
7.38859
7.38864
7.38866
7.38892
7.38897
7.38938
7.38978
7.38991
7.39014
7.3904
7.39051
7.39085
7.39091
7.39094
7.391
7.39144
7.39144
7.39146
7.3915
7.39217
7.39259
7.39273
7.39311
7.39326
7.39334
7.39339
7.39351
7.39356
7.3938
7.39384
7.39387
7.39395
7.39401
7.39419
7.39423
7.39433
7.39436
7.39449
7.39456
7.3947
7.39479
7.39481
7.39482
7.39533
7.39544
7.39546
7.39551
7.39555
7.3956
7.39569
7.39586
7.39589
7.39639
7.3968
7.39684
7.39736
7.39742
7.39748
7.39766
7.39779
7.39784
7.3979
7.3981
7.39813
7.3982
7.39862
7.39912
7.39987
7.40078
7.40102
7.40105
7.40142
7.40142
7.40166
7.40219
7.40275
7.40288
7.40307
7.40333
7.40347
7.40357
7.4039
7.40442
7.40464
7.40467
7.40497
7.40501
7.40535
7.40558
7.40582
7.40625
7.40641
7.40646
7.40661
7.40664
7.40684
7.40721
7.40747
7.40763
7.40788
7.40788
7.40796
7.40822
7.4083
7.40853
7.40872
7.40935
7.4097
7.40982
7.41012
7.41026
7.41034
7.41045
7.41085
7.41086
7.4111
7.41139
7.41175
7.41201
7.41213
7.41235
7.41249
7.41275
7.41275
7.41297
7.41347
7.41355
7.41358
7.41365
7.41382
7.41402
7.41412
7.41413
7.41421
7.41434
7.4151
7.41522
7.41547
7.41553
7.41559
7.41563
7.41584
7.41595
7.41601
7.41601
7.41612
7.41633
7.41668
7.41686
7.41737
7.41745
7.41749
7.41762
7.41793
7.41829
7.41856
7.41869
7.41876
7.41882
7.41897
7.41938
7.41964
7.41978
7.4199
7.42038
7.42039
7.42071
7.42075
7.42078
7.42082
7.421
7.42111
7.42129
7.42146
7.42147
7.42209
7.42262
7.42273
7.42285
7.42313
7.42335
7.42373
7.424
7.42433
7.42441
7.42443
7.42454
7.42458
7.42474
7.42482
7.42524
7.42534
7.4255
7.42554
7.42565
7.42578
7.42597
7.42621
7.42669
7.42694
7.42716
7.42736
7.4274
7.42752
7.4276
7.42789
7.4281
7.42824
7.42833
7.42871
7.42938
7.4294
7.42942
7.42952
7.42957
7.42977
7.42987
7.43021
7.4305
7.43066
7.43079
7.43165
7.43188
7.43191
7.43218
7.43245
7.43261
7.43283
7.4329
7.43305
7.43305
7.43315
7.43326
7.43331
7.43339
7.43343
7.43353
7.43391
7.43408
7.4341
7.43418
7.43504
7.4351
7.43535
7.43541
7.43556
7.43573
7.43573
7.43589
7.43593
7.43638
7.43688
7.4373
7.43745
7.43761
7.43791
7.43792
7.43794
7.43801
7.43867
7.43869
7.43872
7.43876
7.43956
7.44031
7.44069
7.44071
7.44089
7.44103
7.44136
7.44147
7.44149
7.4415
7.44175
7.44192
7.44209
7.4423
7.44255
7.44261
7.44266
7.4432
7.44361
7.44376
7.44378
7.44392
7.44403
7.44421
7.44457
7.44468
7.44483
7.44511
7.44534
7.44555
7.44561
7.44589
7.44627
7.44637
7.44637
7.44656
7.44666
7.44693
7.44704
7.44718
7.44753
7.44812
7.44824
7.44832
7.4486
7.44871
7.44876
7.44876
7.44884
7.44933
7.44989
7.44992
7.45002
7.45013
7.45017
7.45051
7.45055
7.45073
7.4516
7.4517
7.45193
7.45217
7.45222
7.45222
7.45228
7.45285
7.45304
7.45323
7.45326
7.4533
7.45334
7.45373
7.4539
7.45411
7.45428
7.45446
7.45469
7.45477
7.45509
7.45529
7.45585
7.45644
7.45697
7.4572
7.45767
7.45768
7.4578
7.45782
7.4579
7.45834
7.45839
7.45864
7.45874
7.45892
7.45903
7.45904
7.45957
7.45959
7.46021
7.46026
7.46037
7.461
7.46108
7.46129
7.4614
7.4616
7.46204
7.46236
7.46241
7.46244
7.46246
7.46261
7.46319
7.46322
7.46328
7.46337
7.46372
7.46387
7.46399
7.46406
7.46411
7.4642
7.4643
7.4646
7.465
7.46503
7.46517
7.46519
7.46544
7.46558
7.46563
7.46571
7.46582
7.46585
7.4659
7.46592
7.46597
7.46599
7.46673
7.46682
7.46699
7.46713
7.46719
7.46727
7.46738
7.46756
7.46771
7.46793
7.46801
7.46821
7.46825
7.46836
7.46926
7.4693
7.46948
7.46971
7.46979
7.47015
7.47016
7.47023
7.47041
7.4705
7.47063
7.47079
7.47099
7.47127
7.47135
7.4715
7.47161
7.47192
7.472
7.47209
7.47226
7.47305
7.47306
7.4734
7.47342
7.47343
7.47358
7.47379
7.47418
7.47434
7.47492
7.475
7.47513
7.47514
7.47534
7.47557
7.47565
7.47576
7.47592
7.47611
7.47633
7.47647
7.4768
7.47695
7.47729
7.47759
7.47776
7.47802
7.47804
7.47814
7.47832
7.47909
7.47959
7.47981
7.47992
7.47995
7.48041
7.48054
7.48057
7.48084
7.48115
7.48117
7.48158
7.48213
7.48214
7.48217
7.48226
7.48234
7.48354
7.48358
7.4843
7.4844
7.48481
7.48561
7.48594
7.48599
7.48615
7.48619
7.48638
7.48649
7.48657
7.48672
7.48673
7.48681
7.4874
7.48749
7.48753
7.48797
7.48798
7.48807
7.48853
7.48867
7.4888
7.48894
7.48897
7.48907
7.4891
7.48962
7.48972
7.48976
7.48978
7.48993
7.49004
7.49018
7.49056
7.49082
7.49163
7.49181
7.49211
7.49215
7.49237
7.49249
7.49262
7.49287
7.49325
7.49345
7.49427
7.49452
7.49492
7.49527
7.49529
7.49566
7.49582
7.49619
7.49621
7.49682
7.49727
7.49728
7.49743
7.49759
7.4977
7.49771
7.49783
7.49785
7.49786
7.49786
7.4979
7.49792
7.49796
7.49819
7.49881
7.49886
7.49927
7.49953
7.49967
7.49996
7.50005
7.50065
7.50068
7.50074
7.50075
7.50171
7.5019
7.50219
7.50234
7.50242
7.50274
7.5029
7.50299
7.50306
7.50321
7.50339
7.50354
7.50365
7.50373
7.50374
7.50388
7.50404
7.50405
7.50431
7.50435
7.50469
7.50479
7.50531
7.50541
7.50546
7.5058
7.50659
7.50702
7.5072
7.50734
7.50752
7.50833
7.50855
7.50867
7.50892
7.5093
7.50962
7.5097
7.50972
7.50975
7.51021
7.51028
7.51034
7.5107
7.51077
7.51135
7.51156
7.51177
7.51201
7.51248
7.51259
7.51266
7.5127
7.51283
7.5129
7.51302
7.51305
7.51306
7.51361
7.51371
7.51372
7.5139
7.51393
7.51406
7.51409
7.51422
7.51439
7.51452
7.51501
7.51677
7.51686
7.51694
7.51741
7.51753
7.51769
7.5178
7.51781
7.51798
7.51803
7.51821
7.51872
7.51891
7.51901
7.51919
7.51971
7.51975
7.51977
7.51989
7.52151
7.52199
7.52212
7.5225
7.52251
7.52256
7.52261
7.52296
7.52305
7.52311
7.52314
7.524
7.52424
7.52434
7.52435
7.52436
7.52458
7.5248
7.52489
7.52494
7.52523
7.52545
7.5259
7.52625
7.52666
7.5269
7.52701
7.52702
7.52708
7.52712
7.52713
7.52725
7.52727
7.52744
7.52751
7.52772
7.52801
7.52813
7.52818
7.52865
7.52871
7.52887
7.52904
7.52916
7.52929
7.52959
7.52978
7.53001
7.53029
7.53038
7.53046
7.53073
7.53121
7.53136
7.53156
7.53191
7.53207
7.53285
7.53288
7.53318
7.53363
7.53412
7.53487
7.53558
7.53582
7.53582
7.53655
7.53667
7.53723
7.53746
7.53751
7.53799
7.53808
7.5381
7.53822
7.53835
7.53838
7.53843
7.53873
7.53873
7.53888
7.53931
7.53973
7.53984
7.54064
7.54106
7.54107
7.54152
7.54209
7.54214
7.54237
7.54249
7.54263
7.54278
7.54301
7.54314
7.54332
7.54338
7.54344
7.54369
7.54413
7.54468
7.54485
7.54485
7.54487
7.54496
7.54499
7.54499
7.54502
7.54505
7.54507
7.54519
7.54521
7.54532
7.54532
7.54543
7.54543
7.54554
7.54555
7.54557
7.54581
7.54628
7.54628
7.54637
7.5465
7.54704
7.54706
7.54713
7.54714
7.54761
7.54781
7.54784
7.54813
7.54817
7.54823
7.54923
7.5493
7.54966
7.5501
7.55018
7.55067
7.5509
7.55109
7.55127
7.55139
7.55193
7.55197
7.55206
7.55215
7.55216
7.5526
7.55261
7.55294
7.55327
7.55368
7.55372
7.55377
7.554
7.55402
7.55406
7.55407
7.55423
7.55429
7.55432
7.55443
7.55464
7.55493
7.55502
7.55511
7.55519
7.5552
7.55526
7.55535
7.55549
7.55609
7.55655
7.55657
7.55657
7.5567
7.55682
7.55707
7.5572
7.55741
7.55742
7.55749
7.55751
7.55775
7.55793
7.55801
7.55834
7.55845
7.55907
7.55916
7.55923
7.55955
7.55957
7.55959
7.55974
7.56001
7.56008
7.56034
7.56047
7.56077
7.56079
7.56082
7.5609
7.56112
7.56113
7.56116
7.56129
7.56163
7.56182
7.56199
7.56288
7.56288
7.563
7.56322
7.56328
7.56353
7.56361
7.56364
7.56366
7.5639
7.56428
7.56446
7.56475
7.56481
7.56482
7.56501
7.56505
7.56514
7.56539
7.5655
7.56619
7.56666
7.56666
7.56672
7.56711
7.56714
7.56727
7.56729
7.5681
7.56811
7.56813
7.56846
7.56852
7.56885
7.56885
7.56892
7.56913
7.56917
7.56917
7.56921
7.56964
7.56996
7.57087
7.57089
7.57125
7.57127
7.57128
7.57149
7.57204
7.57214
7.57219
7.57219
7.57235
7.57262
7.57325
7.5734
7.57345
7.57361
7.57365
7.57382
7.57387
7.57414
7.57437
7.57455
7.57476
7.57486
7.57494
7.57497
7.57505
7.57523
7.57531
7.57535
7.57546
7.57607
7.57607
7.57619
7.57659
7.57666
7.57694
7.57697
7.57722
7.57753
7.57767
7.57787
7.57814
7.57842
7.57844
7.57877
7.57892
7.57941
7.57951
7.57951
7.58
7.58045
7.5805
7.58054
7.58061
7.58063
7.58114
7.58169
7.58184
7.58233
7.58244
7.58251
7.58267
7.58273
7.5828
7.58287
7.58321
7.58334
7.58339
7.58351
7.58368
7.58401
7.58403
7.58456
7.5853
7.58563
7.58578
7.58594
7.58634
7.58651
7.58694
7.58719
7.5876
7.58788
7.58797
7.58797
7.58841
7.58869
7.5887
7.58904
7.58953
7.58957
7.58978
7.58989
7.58991
7.58993
7.58995
7.59006
7.59008
7.59038
7.59044
7.5905
7.59063
7.59119
7.59139
7.59146
7.59194
7.59225
7.59255
7.59278
7.59363
7.59384
7.59401
7.59418
7.59423
7.5943
7.59436
7.59438
7.5953
7.59547
7.59578
7.59604
7.59611
7.59621
7.59651
7.59683
7.59699
7.59711
7.59738
7.59744
7.59792
7.59804
7.59824
7.59852
7.59875
7.59881
7.59883
7.59894
7.59926
7.59958
7.60007
7.6002
7.60057
7.60058
7.60116
7.60131
7.60141
7.60144
7.6021
7.60217
7.60231
7.6029
7.60309
7.60324
7.60365
7.60369
7.60451
7.60458
7.60477
7.60478
7.60484
7.60509
7.60532
7.60533
7.60561
7.60603
7.60625
7.60631
7.60633
7.60635
7.60669
7.6068
7.60683
7.60684
7.60703
7.60772
7.60786
7.60787
7.60795
7.60802
7.60806
7.60829
7.60853
7.60854
7.60855
7.60863
7.60933
7.60943
7.60949
7.6095
7.61058
7.61063
7.61096
7.61099
7.6113
7.61159
7.61166
7.61168
7.61169
7.61213
7.61249
7.6126
7.61267
7.61275
7.61281
7.6136
7.61369
7.61376
7.61383
7.61393
7.61461
7.6147
7.61503
7.61515
7.61538
7.6156
7.61587
7.61613
7.6162
7.61631
7.61637
7.61685
7.61686
7.61693
7.61705
7.6172
7.61723
7.6173
7.61762
7.6179
7.61806
7.61813
7.61828
7.61833
7.61843
7.61886
7.61911
7.61927
7.61927
7.61936
7.61957
7.61976
7.62002
7.62089
7.62094
7.6211
7.62112
7.62114
7.62124
7.62131
7.62133
7.62158
7.62162
7.62182
7.62199
7.62212
7.62213
7.62222
7.62225
7.62269
7.62274
7.62315
7.62342
7.62353
7.62378
7.62381
7.6241
7.62436
7.62437
7.62437
7.62453
7.62462
7.62492
7.62498
7.62534
7.62599
7.62622
7.62631
7.62638
7.62641
7.62672
7.62677
7.62686
7.62762
7.62781
7.62783
7.62787
7.6279
7.62813
7.62833
7.62836
7.62844
7.62863
7.62889
7.62898
7.62929
7.62974
7.63024
7.63055
7.63081
7.63086
7.63122
7.63132
7.63142
7.63159
7.63174
7.63214
7.63216
7.63232
7.63234
7.63264
7.63288
7.6331
7.63349
7.6336
7.63415
7.63417
7.63438
7.63453
7.6347
7.63485
7.6351
7.63522
7.63532
7.63573
7.63613
7.63616
7.63635
7.63639
7.63662
7.63664
7.63719
7.6374
7.63759
7.63777
7.6378
7.63784
7.63791
7.63795
7.63797
7.63821
7.63835
7.63842
7.63887
7.63893
7.63894
7.63911
7.63912
7.63923
7.63947
7.63961
7.63978
7.63981
7.63992
7.63993
7.64003
7.64007
7.64029
7.64101
7.64102
7.64145
7.64171
7.64172
7.64185
7.64206
7.64251
7.64255
7.64337
7.6436
7.64381
7.64391
7.64422
7.64434
7.64455
7.64496
7.6454
7.64559
7.64606
7.64611
7.64621
7.64646
7.64653
7.64654
7.64659
7.64663
7.64684
7.64706
7.64706
7.6474
7.64743
7.64753
7.64761
7.64769
7.64783
7.64863
7.64872
7.64883
7.64885
7.64908
7.6491
7.64934
7.64964
7.64982
7.64982
7.64983
7.64995
7.64999
7.65021
7.65067
7.65072
7.65093
7.65108
7.65112
7.65113
7.65122
7.65146
7.6515
7.65159
7.6517
7.65179
7.65245
7.65249
7.65259
7.65299
7.65311
7.65336
7.65339
7.65404
7.65405
7.65417
7.65492
7.65506
7.65523
7.65529
7.65539
7.65596
7.65609
7.65619
7.65625
7.65636
7.65649
7.65672
7.65684
7.65691
7.65701
7.65729
7.65735
7.65746
7.6576
7.65777
7.65795
7.65802
7.65885
7.65902
7.65902
7.65923
7.65947
7.65954
7.65959
7.65973
7.66003
7.66013
7.6602
7.66032
7.66054
7.66057
7.66059
7.66064
7.66065
7.66084
7.66119
7.66131
7.66156
7.66159
7.66198
7.66208
7.66285
7.6629
7.66293
7.66296
7.66314
7.66347
7.66347
7.66368
7.66396
7.66412
7.66452
7.66486
7.6652
7.66528
7.66553
7.66577
7.66613
7.66647
7.66686
7.66705
7.66747
7.66748
7.66761
7.66799
7.66817
7.66833
7.66851
7.66894
7.66955
7.66992
7.67002
7.6702
7.67041
7.67063
7.67098
7.67099
7.67136
7.67137
7.67143
7.67165
7.67167
7.67179
7.67182
7.67203
7.6724
7.67261
7.67265
7.67303
7.67309
7.67352
7.67357
7.67367
7.67397
7.67405
7.67436
7.67505
7.67527
7.67552
7.67567
7.67571
7.67577
7.67646
7.67654
7.67655
7.67661
7.67664
7.67672
7.67677
7.67683
7.67689
7.67729
7.67749
7.67752
7.67769
7.67775
7.67782
7.67784
7.67801
7.67863
7.67868
7.67878
7.67905
7.67967
7.67984
7.67986
7.67994
7.68001
7.68001
7.68002
7.68019
7.68086
7.68087
7.68094
7.68105
7.68147
7.68191
7.68249
7.68281
7.68292
7.68298
7.68313
7.68325
7.68357
7.68391
7.68392
7.68408
7.68429
7.68434
7.68495
7.68528
7.68554
7.68557
7.68594
7.68599
7.68606
7.68616
7.68619
7.68635
7.68661
7.68662
7.6867
7.68671
7.68681
7.68682
7.68709
7.68766
7.68783
7.6879
7.68794
7.6881
7.68888
7.68891
7.68917
7.68948
7.68983
7.69009
7.69031
7.69032
7.69049
7.69089
7.69095
7.69108
7.69144
7.6915
7.69156
7.69181
7.69182
7.69209
7.69224
7.69224
7.69251
7.69251
7.69264
7.69268
7.69281
7.69288
7.69299
7.69301
7.69319
7.69343
7.69349
7.69358
7.69393
7.69423
7.69427
7.6946
7.69466
7.69483
7.69507
7.69518
7.69519
7.69536
7.6955
7.69589
7.69627
7.69631
7.69687
7.69698
7.69778
7.69788
7.69803
7.69815
7.69864
7.69873
7.69906
7.69933
7.69935
7.69962
7.69971
7.69977
7.69985
7.7001
7.70156
7.70158
7.70169
7.70192
7.70205
7.70222
7.70231
7.70273
7.70285
7.70314
7.70354
7.70365
7.70464
7.70501
7.70521
7.70532
7.70534
7.70544
7.70555
7.70572
7.70586
7.70595
7.70614
7.70655
7.70684
7.70698
7.70715
7.70727
7.70761
7.7081
7.70821
7.70831
7.70844
7.70861
7.70867
7.70877
7.70955
7.70974
7.70996
7.71001
7.71001
7.71004
7.7103
7.71045
7.71072
7.7109
7.71109
7.71114
7.71116
7.71118
7.7115
7.71154
7.7117
7.71208
7.71219
7.71222
7.7125
7.71261
7.7127
7.71302
7.71339
7.71348
7.71392
7.71397
7.71397
7.7144
7.7145
7.71484
7.71494
7.71517
7.71537
7.71545
7.71589
7.71604
7.71616
7.71636
7.71642
7.7165
7.71653
7.71655
7.71706
7.71726
7.71778
7.71792
7.71825
7.71831
7.71831
7.71851
7.71877
7.71945
7.7197
7.71981
7.72
7.72021
7.72037
7.72038
7.72054
7.72061
7.72071
7.72078
7.72133
7.72218
7.72224
7.72252
7.72261
7.72261
7.72279
7.72306
7.72322
7.72349
7.72362
7.72377
7.72416
7.72429
7.7247
7.72478
7.72484
7.72499
7.72536
7.72538
7.72553
7.72558
7.7256
7.7256
7.72563
7.72603
7.7262
7.72622
7.72626
7.72659
7.7276
7.72776
7.7278
7.72797
7.72804
7.72804
7.7284
7.7286
7.72868
7.729
7.72936
7.72959
7.7296
7.72965
7.72966
7.72968
7.72979
7.72993
7.73007
7.73039
7.73044
7.73068
7.73104
7.73131
7.73141
7.73143
7.7315
7.73166
7.73183
7.7328
7.73281
7.73286
7.7339
7.73401
7.73406
7.73413
7.73416
7.73431
7.73432
7.73441
7.73475
7.73476
7.73502
7.73524
7.73527
7.73564
7.73573
7.73593
7.73607
7.73611
7.73624
7.73637
7.73639
7.73648
7.73653
7.73671
7.73701
7.73738
7.73746
7.73749
7.73754
7.73758
7.73764
7.73804
7.73825
7.73857
7.73898
7.73904
7.73924
7.73946
7.73955
7.73957
7.73998
7.74023
7.74074
7.74103
7.74119
7.74132
7.74133
7.74157
7.74165
7.7419
7.74211
7.74212
7.74217
7.74255
7.74274
7.74279
7.74361
7.74363
7.74416
7.74419
7.74429
7.74433
7.74441
7.74474
7.7448
7.74486
7.74486
7.74495
7.74501
7.74512
7.74516
7.74591
7.74593
7.74618
7.74619
7.74636
7.74646
7.74647
7.7467
7.74677
7.74685
7.74704
7.74716
7.74721
7.74764
7.74766
7.74793
7.74814
7.74828
7.74837
7.74891
7.74913
7.74939
7.74944
7.74963
7.74973
7.74981
7.74991
7.75075
7.75113
7.75114
7.75127
7.75145
7.75198
7.752
7.75211
7.75224
7.75243
7.75243
7.75265
7.75285
7.75308
7.75312
7.75312
7.75342
7.75369
7.75384
7.75389
7.75398
7.75403
7.75406
7.75439
7.75457
7.75477
7.75519
7.75528
7.75539
7.75542
7.75563
7.75587
7.75609
7.75612
7.75631
7.75633
7.7564
7.75656
7.75661
7.75667
7.75668
7.75684
7.75702
7.75716
7.75723
7.75785
7.75797
7.75798
7.75807
7.7585
7.75851
7.75873
7.75874
7.75894
7.759
7.75911
7.75918
7.7593
7.75953
7.7598
7.75981
7.75992
7.76011
7.76013
7.76032
7.7606
7.76094
7.76105
7.76107
7.76113
7.76121
7.76125
7.76128
7.76211
7.7624
7.76248
7.76339
7.76349
7.76358
7.76363
7.76377
7.76378
7.76389
7.76397
7.76466
7.76477
7.7648
7.76509
7.76537
7.76547
7.76581
7.76589
7.76591
7.76599
7.76612
7.76619
7.76641
7.76648
7.76658
7.76674
7.76727
7.7673
7.7675
7.76774
7.76793
7.7681
7.76844
7.76872
7.76931
7.76947
7.76966
7.76975
7.76993
7.77001
7.77044
7.77056
7.77095
7.77098
7.77105
7.77121
7.77153
7.7716
7.77188
7.77198
7.77232
7.77235
7.77282
7.77289
7.77307
7.77318
7.77345
7.77362
7.77368
7.77377
7.77397
7.77428
7.77444
7.7745
7.77457
7.77473
7.7748
7.77512
7.77521
7.77581
7.77608
7.77615
7.77635
7.77645
7.77654
7.77666
7.77668
7.77687
7.77701
7.77702
7.77714
7.7775
7.7775
7.77754
7.77761
7.77779
7.77796
7.77813
7.77859
7.7787
7.77885
7.77892
7.77912
7.77916
7.77918
7.7796
7.77972
7.77995
7.78
7.78007
7.78013
7.78014
7.78026
7.78039
7.78044
7.78083
7.78089
7.78139
7.7815
7.78159
7.78164
7.78175
7.78182
7.78242
7.78281
7.78292
7.78318
7.78411
7.7842
7.78422
7.78438
7.7845
7.78468
7.785
7.78528
7.78533
7.78545
7.78564
7.78569
7.78571
7.78575
7.78577
7.78585
7.78599
7.78609
7.78624
7.78629
7.78637
7.78647
7.78672
7.78706
7.78718
7.78749
7.78767
7.78778
7.78802
7.7883
7.78883
7.78883
7.78906
7.78945
7.78964
7.79021
7.79036
7.79042
7.79106
7.79131
7.79168
7.79174
7.79177
7.79191
7.79196
7.79201
7.79202
7.79253
7.79266
7.79267
7.79293
7.79306
7.79308
7.79333
7.79346
7.7937
7.79415
7.79415
7.79417
7.79437
7.79449
7.79456
7.79466
7.79474
7.79477
7.79491
7.79507
7.79518
7.79526
7.7955
7.79569
7.79674
7.79708
7.7971
7.79747
7.79805
7.79838
7.79858
7.79859
7.79866
7.7993
7.79958
7.79981
7.79996
7.80013
7.80033
7.80037
7.8004
7.80072
7.80085
7.80087
7.80111
7.80123
7.80131
7.80146
7.80163
7.80167
7.80195
7.80199
7.8024
7.80298
7.80302
7.80309
7.80311
7.80332
7.80336
7.80339
7.8034
7.80346
7.80353
7.80356
7.80398
7.80413
7.80414
7.80434
7.80458
7.80471
7.80478
7.8051
7.80511
7.80538
7.80555
7.80557
7.80567
7.80584
7.80592
7.80594
7.80604
7.80609
7.80613
7.80621
7.80625
7.8063
7.80669
7.80674
7.80687
7.807
7.80722
7.80726
7.80736
7.80738
7.80742
7.80753
7.80799
7.80823
7.80836
7.80839
7.80864
7.80878
7.80881
7.80922
7.8093
7.80942
7.80944
7.80956
7.81029
7.8103
7.8105
7.81056
7.8106
7.81088
7.81129
7.8113
7.81135
7.81136
7.81165
7.81167
7.81183
7.81214
7.81229
7.81253
7.81255
7.81261
7.81295
7.81309
7.81334
7.81339
7.81416
7.81437
7.81437
7.81464
7.81465
7.81487
7.81494
7.81524
7.81543
7.81551
7.81594
7.81608
7.81616
7.81619
7.8171
7.81713
7.81727
7.81758
7.81767
7.81776
7.81781
7.81794
7.81796
7.81807
7.81832
7.81861
7.81879
7.81886
7.81918
7.81942
7.81964
7.81989
7.82001
7.82035
7.82081
7.82116
7.82119
7.82126
7.82139
7.8217
7.82181
7.82251
7.82264
7.8231
7.82324
7.82335
7.82366
7.82384
7.82386
7.82442
7.82448
7.82461
7.82472
7.82476
7.82483
7.82486
7.82496
7.82548
7.8258
7.82647
7.82664
7.82671
7.82707
7.8274
7.82763
7.82782
7.82803
7.82814
7.82832
7.82832
7.82844
7.8288
7.82901
7.82919
7.82964
7.82971
7.82981
7.82983
7.83009
7.83029
7.83042
7.83047
7.83057
7.83087
7.83107
7.83112
7.83117
7.83129
7.83136
7.83153
7.83175
7.83184
7.83204
7.83217
7.83267
7.83272
7.83274
7.83289
7.83289
7.83318
7.83323
7.8333
7.83375
7.83393
7.83397
7.83449
7.83452
7.83479
7.83495
7.83508
7.83521
7.83537
7.83542
7.83549
7.83555
7.83558
7.83567
7.83577
7.83588
7.83638
7.83639
7.83646
7.83675
7.83695
7.83696
7.83719
7.83726
7.83741
7.83744
7.8375
7.83753
7.83758
7.83778
7.83782
7.83784
7.83793
7.83915
7.83933
7.83934
7.83938
7.83961
7.83969
7.83975
7.83983
7.84005
7.84056
7.84066
7.84149
7.8419
7.84211
7.84218
7.84239
7.84241
7.84285
7.84295
7.84367
7.84368
7.8438
7.84391
7.84407
7.84431
7.84449
7.84458
7.8448
7.84484
7.84487
7.8451
7.84572
7.84582
7.84631
7.84641
7.84681
7.84692
7.84701
7.84749
7.84753
7.84768
7.84774
7.84782
7.84786
7.84832
7.84836
7.8484
7.84858
7.8486
7.84891
7.84903
7.84955
7.84986
7.85025
7.85034
7.8504
7.85047
7.85049
7.85139
7.8514
7.85144
7.85197
7.85227
7.85293
7.8533
7.8539
7.85396
7.85484
7.85531
7.85542
7.85546
7.85595
7.8561
7.85647
7.8568
7.85682
7.85688
7.8569
7.85695
7.85701
7.8571
7.85719
7.85723
7.85797
7.85811
7.85818
7.85827
7.85836
7.85839
7.85843
7.85853
7.85858
7.85904
7.85935
7.85943
7.85951
7.8596
7.85981
7.86002
7.86018
7.86021
7.86052
7.86068
7.86069
7.86089
7.8611
7.86145
7.86171
7.86186
7.86202
7.86233
7.86243
7.86274
7.86283
7.86296
7.86304
7.86307
7.86341
7.86341
7.86358
7.86365
7.86369
7.86369
7.86401
7.86404
7.86422
7.86433
7.86446
7.86456
7.86457
7.86478
7.86528
7.86537
7.86538
7.86557
7.86567
7.86576
7.86638
7.86673
7.86682
7.86688
7.867
7.86709
7.86747
7.86749
7.86773
7.86781
7.86784
7.86794
7.86798
7.86803
7.86808
7.86825
7.86856
7.8686
7.86876
7.86883
7.86904
7.86912
7.8694
7.86956
7.87012
7.87053
7.87057
7.87061
7.87091
7.87152
7.87162
7.87186
7.87192
7.8721
7.87253
7.8726
7.87306
7.87308
7.87314
7.87322
7.87364
7.87366
7.87376
7.87381
7.87392
7.87425
7.87426
7.87436
7.87442
7.87464
7.87464
7.87488
7.87506
7.87526
7.87561
7.87591
7.87608
7.87617
7.87629
7.87649
7.87652
7.87669
7.87688
7.87722
7.87728
7.87729
7.87739
7.87743
7.87789
7.87844
7.87859
7.87898
7.87987
7.88035
7.8808
7.88082
7.88088
7.88113
7.88121
7.88127
7.88139
7.88159
7.88205
7.88224
7.88228
7.8832
7.88322
7.88355
7.88357
7.88384
7.88397
7.88411
7.88417
7.88428
7.88449
7.88463
7.88476
7.88492
7.88551
7.88562
7.88563
7.88571
7.88602
7.88617
7.88619
7.88638
7.88642
7.88698
7.88702
7.88745
7.88771
7.88796
7.88812
7.88858
7.8886
7.8888
7.88893
7.88895
7.88914
7.88924
7.8895
7.88955
7.88956
7.88974
7.8898
7.89008
7.89038
7.89061
7.89085
7.89176
7.89187
7.89196
7.89208
7.89235
7.89267
7.89289
7.89416
7.89449
7.89457
7.89478
7.89494
7.89552
7.8956
7.89575
7.89576
7.89592
7.89611
7.89648
7.89656
7.89681
7.89685
7.89701
7.89702
7.89716
7.89723
7.89728
7.89745
7.89763
7.89769
7.89769
7.89777
7.89785
7.89787
7.89812
7.89823
7.89851
7.89851
7.89886
7.89891
7.89924
7.89951
7.89981
7.90034
7.90134
7.90161
7.90164
7.90192
7.90208
7.90208
7.90214
7.90234
7.90262
7.90271
7.90276
7.90296
7.90352
7.9041
7.90431
7.9045
7.90452
7.90467
7.9047
7.90478
7.90506
7.90524
7.90531
7.90533
7.90535
7.9054
7.90547
7.90568
7.90588
7.90591
7.90595
7.90635
7.9064
7.90642
7.90645
7.90649
7.90653
7.90665
7.90686
7.90697
7.90712
7.90724
7.90735
7.90743
7.90762
7.90775
7.90777
7.90779
7.90782
7.90783
7.90784
7.90787
7.90787
7.90787
7.90798
7.90803
7.90805
7.9082
7.90827
7.90858
7.90874
7.90924
7.90926
7.9095
7.90989
7.90989
7.91
7.91052
7.9107
7.91073
7.91084
7.91126
7.9113
7.91179
7.91246
7.91262
7.91277
7.91289
7.91304
7.91348
7.91364
7.91399
7.91401
7.91425
7.9147
7.91498
7.91505
7.91521
7.91522
7.9154
7.91588
7.91595
7.91609
7.91631
7.91631
7.91664
7.91682
7.91721
7.91728
7.91795
7.91832
7.91856
7.91868
7.91912
7.91939
7.9194
7.91957
7.91965
7.91971
7.91985
7.91999
7.92015
7.92034
7.9204
7.92055
7.9207
7.92083
7.92125
7.92131
7.92143
7.92156
7.92188
7.9225
7.92257
7.92274
7.92297
7.92315
7.9232
7.92333
7.92364
7.92383
7.92387
7.92422
7.92432
7.9244
7.92461
7.92509
7.92514
7.92526
7.92606
7.92665
7.9267
7.92677
7.92707
7.92709
7.92742
7.92745
7.92762
7.92764
7.92792
7.92828
7.92842
7.92861
7.92867
7.92871
7.92873
7.92879
7.92901
7.92922
7.93041
7.93041
7.93061
7.93065
7.9308
7.93105
7.93106
7.93112
7.93132
7.93153
7.93185
7.93191
7.93204
7.93252
7.93256
7.93261
7.93302
7.93312
7.93346
7.93372
7.93381
7.93386
7.93407
7.93495
7.93504
7.93508
7.93512
7.93537
7.93555
7.93564
7.93592
7.93611
7.93642
7.93685
7.93698
7.93718
7.93719
7.9372
7.93725
7.93735
7.93772
7.93806
7.9384
7.9384
7.93842
7.93846
7.9386
7.9391
7.93912
7.93948
7.94007
7.94069
7.94083
7.94084
7.94105
7.94131
7.9414
7.94149
7.9415
7.94192
7.94205
7.94211
7.94248
7.94259
7.9426
7.94267
7.94287
7.94293
7.943
7.94329
7.94373
7.94391
7.9441
7.94417
7.94424
7.94445
7.94519
7.9452
7.9457
7.9464
7.94681
7.94692
7.94716
7.9472
7.94742
7.94786
7.94884
7.94888
7.9496
7.94967
7.95006
7.95036
7.95052
7.95106
7.95117
7.95128
7.95156
7.95172
7.95179
7.95204
7.95208
7.9521
7.95216
7.95262
7.95266
7.95271
7.95275
7.95321
7.9533
7.95383
7.95388
7.9545
7.95451
7.95452
7.95464
7.95562
7.95564
7.95595
7.95601
7.95628
7.95636
7.95668
7.95687
7.95694
7.95699
7.95707
7.9574
7.95764
7.95796
7.95805
7.95808
7.95816
7.95838
7.95838
7.95846
7.95849
7.95882
7.95902
7.95907
7.95938
7.95971
7.95997
7.95998
7.96014
7.96055
7.96074
7.96079
7.96109
7.96124
7.96129
7.96214
7.96232
7.96265
7.96283
7.9629
7.96294
7.96304
7.96325
7.9635
7.96382
7.96391
7.96397
7.96437
7.96481
7.96484
7.96505
7.96537
7.96541
7.9655
7.96558
7.96591
7.96604
7.96619
7.96632
7.96665
7.96737
7.96737
7.96752
7.9681
7.96816
7.96856
7.96894
7.969
7.96923
7.96954
7.96969
7.96976
7.97008
7.9701
7.97017
7.97022
7.97023
7.97064
7.97103
7.97109
7.97116
7.97119
7.97184
7.972
7.97235
7.97255
7.97257
7.9726
7.97268
7.97268
7.97272
7.97274
7.97301
7.97347
7.97353
7.9736
7.97363
7.97367
7.97427
7.97441
7.97479
7.97484
7.97495
7.97502
7.97504
7.97513
7.97534
7.97546
7.97578
7.97585
7.9763
7.97655
7.97658
7.97671
7.97752
7.97777
7.9778
7.97831
7.97834
7.97837
7.97845
7.97875
7.97881
7.97882
7.97906
7.97919
7.97974
7.97983
7.97992
7.98
7.98026
7.98059
7.98079
7.98088
7.9809
7.98092
7.98113
7.98138
7.98146
7.98151
7.98207
7.98225
7.98267
7.983
7.9832
7.98342
7.98357
7.9836
7.98436
7.98438
7.98464
7.9848
7.98525
7.98539
7.98555
7.98569
7.9857
7.98596
7.9862
7.98652
7.98658
7.98709
7.98718
7.98745
7.98752
7.98754
7.98794
7.98836
7.98843
7.98857
7.98885
7.98891
7.98927
7.98941
7.99001
7.99009
7.99056
7.99058
7.99061
7.99072
7.99078
7.99115
7.99122
7.99123
7.99148
7.99167
7.99171
7.9918
7.99185
7.99209
7.9921
7.9921
7.9924
7.99255
7.9927
7.99314
7.99368
7.9939
7.99394
7.9943
7.99471
7.99494
7.99498
7.99498
7.99518
7.99538
7.99543
7.99558
7.99594
7.99606
7.9961
7.99617
7.99634
7.99642
7.99645
7.9967
7.99684
7.9969
7.99715
7.99723
7.99738
7.99754
7.99763
7.99765
7.99781
7.99787
7.99825
7.99832
7.99891
7.9991
7.99915
7.99919
7.99919
7.99971
7.99985
7.99988
8.00011
8.00016
8.00022
8.00042
8.0007
8.00155
8.0016
8.00202
8.00208
8.00211
8.00221
8.00289
8.00293
8.00303
8.00313
8.00333
8.00361
8.00373
8.00397
8.00428
8.0043
8.00489
8.00493
8.00527
8.00535
8.00546
8.00574
8.00635
8.00637
8.00659
8.00659
8.00668
8.00683
8.00695
8.00699
8.00738
8.00752
8.00758
8.00804
8.00807
8.00816
8.00845
8.00872
8.00888
8.00889
8.0093
8.0096
8.00982
8.00986
8.01006
8.01021
8.01037
8.01042
8.01044
8.01048
8.01049
8.01114
8.0114
8.01159
8.01203
8.01204
8.01237
8.01275
8.01295
8.01333
8.01348
8.01354
8.01356
8.0136
8.01403
8.01431
8.01439
8.01467
8.01472
8.01492
8.01518
8.01601
8.01608
8.01643
8.01679
8.01728
8.01765
8.01796
8.01825
8.01844
8.01856
8.01865
8.01866
8.01879
8.01941
8.01947
8.01966
8.01978
8.02018
8.02028
8.02042
8.02065
8.02093
8.02095
8.02096
8.02113
8.02167
8.02233
8.02282
8.02311
8.02369
8.02382
8.02438
8.0245
8.02475
8.02495
8.02503
8.02546
8.02603
8.02629
8.02629
8.02644
8.02655
8.02677
8.02678
8.02684
8.02714
8.02775
8.02784
8.02842
8.02845
8.02888
8.02894
8.02901
8.02973
8.02987
8.02999
8.03002
8.03002
8.03036
8.03102
8.0311
8.03127
8.03127
8.03133
8.03136
8.03145
8.03163
8.03177
8.03195
8.03198
8.03289
8.03297
8.03337
8.03369
8.03375
8.03389
8.03394
8.034
8.03408
8.03409
8.03409
8.03454
8.03455
8.03456
8.03489
8.03522
8.03523
8.03544
8.03596
8.03602
8.03607
8.03637
8.03656
8.03707
8.03717
8.03724
8.03754
8.03771
8.03773
8.03791
8.03806
8.03811
8.03817
8.03835
8.03843
8.03863
8.03921
8.03926
8.03936
8.03961
8.03978
8.04006
8.04014
8.04018
8.0402
8.0407
8.04076
8.04088
8.04089
8.04095
8.04126
8.04157
8.04163
8.04166
8.0418
8.04217
8.04225
8.04275
8.04296
8.04314
8.04386
8.04428
8.04441
8.04495
8.04542
8.04582
8.04606
8.04625
8.04632
8.04663
8.04663
8.04737
8.04764
8.04774
8.0481
8.04827
8.04828
8.04829
8.04835
8.04848
8.04854
8.04931
8.04959
8.05017
8.0502
8.05037
8.05037
8.05048
8.05051
8.05054
8.05055
8.05068
8.05086
8.05105
8.05107
8.05154
8.05199
8.05205
8.05246
8.05271
8.05275
8.05295
8.05301
8.05331
8.05338
8.05353
8.05355
8.0544
8.05463
8.05481
8.05515
8.05536
8.0556
8.0558
8.05613
8.05648
8.0569
8.0573
8.0577
8.05771
8.05782
8.05809
8.0585
8.05852
8.0586
8.05884
8.05885
8.05929
8.05963
8.05976
8.06008
8.06064
8.06071
8.06075
8.06079
8.06116
8.06124
8.06139
8.06156
8.06169
8.06186
8.06203
8.06224
8.0627
8.06277
8.0628
8.06285
8.06308
8.06328
8.06346
8.06383
8.06395
8.06395
8.06466
8.06508
8.06541
8.06582
8.06597
8.06641
8.06687
8.06719
8.06728
8.06761
8.06805
8.0681
8.06836
8.0685
8.06856
8.06863
8.06887
8.06891
8.06947
8.06984
8.06985
8.07012
8.07022
8.07085
8.07106
8.07109
8.07111
8.0713
8.07143
8.07183
8.07193
8.07204
8.07216
8.07257
8.07263
8.07265
8.07281
8.07368
8.07375
8.07422
8.07445
8.07454
8.07459
8.0746
8.07476
8.07496
8.07524
8.07525
8.0753
8.07565
8.0757
8.07578
8.07613
8.07625
8.07678
8.07689
8.07742
8.07763
8.07765
8.07773
8.07784
8.07808
8.07814
8.07835
8.07842
8.07844
8.07901
8.07965
8.07969
8.07993
8.08005
8.0812
8.08122
8.08147
8.08198
8.08203
8.08209
8.0821
8.08328
8.0838
8.08434
8.0846
8.08485
8.08491
8.08539
8.08552
8.08566
8.08599
8.08615
8.08617
8.08631
8.08634
8.08648
8.08652
8.08655
8.08662
8.0868
8.08743
8.08743
8.08744
8.08792
8.08797
8.08834
8.08923
8.08979
8.09001
8.09005
8.09074
8.0909
8.09132
8.09158
8.09182
8.09198
8.092
8.09212
8.09229
8.09246
8.09268
8.09315
8.09324
8.0933
8.09391
8.09439
8.0945
8.09473
8.09474
8.09552
8.09554
8.09623
8.0965
8.09659
8.09677
8.09715
8.09717
8.0972
8.09723
8.09728
8.0973
8.0976
8.09775
8.0978
8.09783
8.09787
8.09822
8.09836
8.09859
8.09864
8.09868
8.09876
8.09876
8.09879
8.09895
8.09901
8.09904
8.09919
8.09951
8.09956
8.09977
8.09979
8.10006
8.10054
8.10085
8.10086
8.10163
8.10174
8.10183
8.10185
8.10258
8.1029
8.10314
8.10341
8.10365
8.10388
8.10408
8.1041
8.1041
8.10426
8.10445
8.10467
8.10505
8.10509
8.1054
8.10542
8.10545
8.10558
8.1056
8.1057
8.10582
8.10586
8.10646
8.10653
8.10659
8.10704
8.10712
8.1072
8.10736
8.10769
8.10825
8.1084
8.10854
8.10862
8.10894
8.10897
8.10909
8.10911
8.10915
8.10919
8.10974
8.10979
8.10986
8.10988
8.10995
8.11032
8.11035
8.11035
8.11038
8.11081
8.11088
8.11105
8.11136
8.11157
8.11161
8.11177
8.11208
8.11224
8.11266
8.11278
8.11319
8.1132
8.11339
8.11391
8.11405
8.11409
8.11434
8.11462
8.11503
8.11505
8.11509
8.11518
8.11535
8.1155
8.11561
8.11584
8.11584
8.11594
8.11603
8.11609
8.1162
8.11631
8.11637
8.11651
8.11681
8.11688
8.11689
8.11695
8.11714
8.11735
8.11741
8.1177
8.11773
8.11786
8.11798
8.11803
8.11812
8.11834
8.11847
8.11877
8.11915
8.11945
8.11956
8.11959
8.11981
8.1199
8.12011
8.12072
8.12103
8.12151
8.12159
8.12173
8.1219
8.12191
8.12198
8.12203
8.12208
8.12209
8.12222
8.1224
8.12245
8.12252
8.12292
8.12299
8.1236
8.12386
8.12418
8.12423
8.12445
8.12451
8.12475
8.12522
8.12532
8.12563
8.12575
8.12583
8.12589
8.12602
8.12644
8.12666
8.12666
8.12696
8.12699
8.12722
8.12731
8.12741
8.12752
8.12762
8.12768
8.12781
8.12786
8.12795
8.12802
8.12843
8.12844
8.1285
8.12857
8.12859
8.12952
8.12996
8.13019
8.13024
8.13069
8.13079
8.13087
8.13105
8.13163
8.13194
8.13216
8.13225
8.13225
8.13252
8.13267
8.13306
8.13379
8.13414
8.13425
8.13425
8.13433
8.13436
8.13454
8.13472
8.1351
8.13524
8.13527
8.13558
8.1356
8.13561
8.13572
8.13579
8.13593
8.13623
8.13625
8.13632
8.13645
8.13705
8.13743
8.13754
8.13755
8.13772
8.13799
8.13832
8.13842
8.13852
8.13861
8.13898
8.13919
8.13946
8.13948
8.14018
8.1403
8.14043
8.14114
8.14136
8.1414
8.14157
8.14201
8.14201
8.14203
8.14203
8.14223
8.14228
8.14236
8.14248
8.1426
8.1433
8.14341
8.14349
8.14375
8.14376
8.14413
8.14449
8.14466
8.14506
8.14532
8.14574
8.14579
8.14613
8.14648
8.14678
8.1471
8.1479
8.148
8.14817
8.14856
8.14891
8.14906
8.14907
8.14991
8.14993
8.14997
8.15022
8.15039
8.15042
8.15047
8.15068
8.15075
8.15096
8.15121
8.1515
8.15157
8.15167
8.15167
8.15219
8.15225
8.15235
8.15262
8.15272
8.1529
8.15309
8.15335
8.15342
8.15355
8.15362
8.1537
8.15389
8.15408
8.15417
8.15423
8.15471
8.15493
8.15513
8.15533
8.15546
8.1558
8.1559
8.15617
8.15645
8.15662
8.15663
8.15697
8.15714
8.15733
8.15757
8.15766
8.15772
8.15773
8.158
8.15807
8.15898
8.15942
8.15976
8.16016
8.16019
8.16113
8.16114
8.16122
8.16123
8.16148
8.16154
8.16164
8.16217
8.16243
8.16266
8.16268
8.16285
8.16295
8.16317
8.1632
8.16341
8.16364
8.16379
8.16409
8.16419
8.16421
8.16452
8.16492
8.16507
8.16524
8.16545
8.1659
8.16592
8.16646
8.1667
8.16677
8.1668
8.1674
8.16762
8.16766
8.16772
8.1684
8.16844
8.16892
8.16915
8.16935
8.16941
8.16965
8.16967
8.17015
8.17016
8.17017
8.17018
8.17061
8.17073
8.17108
8.17164
8.17178
8.17223
8.17251
8.17259
8.17282
8.17283
8.17298
8.17306
8.1738
8.17429
8.17435
8.17451
8.17474
8.17564
8.17582
8.17591
8.17648
8.1766
8.17699
8.17713
8.17729
8.17745
8.17747
8.17772
8.1779
8.17837
8.17838
8.17839
8.17848
8.17886
8.17919
8.17973
8.17984
8.17997
8.18003
8.18017
8.1803
8.18114
8.18179
8.18216
8.18226
8.18239
8.18322
8.18331
8.18335
8.18362
8.184
8.18403
8.18406
8.18413
8.18414
8.18426
8.18449
8.18475
8.18543
8.18572
8.18575
8.18577
8.18642
8.1865
8.18683
8.18695
8.18757
8.18764
8.18788
8.18833
8.1885
8.18856
8.18893
8.18896
8.18897
8.18931
8.18998
8.19037
8.1905
8.191
8.19195
8.19219
8.19225
8.19238
8.19292
8.19297
8.19316
8.19327
8.19353
8.19379
8.19414
8.19433
8.19463
8.19466
8.1949
8.19494
8.19518
8.19538
8.19573
8.19583
8.19584
8.196
8.19649
8.19661
8.19695
8.19714
8.19754
8.19763
8.19782
8.19814
8.19834
8.19858
8.1991
8.19926
8.19943
8.19949
8.19966
8.2001
8.20044
8.20065
8.20067
8.20076
8.20166
8.20171
8.20177
8.20213
8.20217
8.20245
8.20249
8.20258
8.20265
8.20309
8.20332
8.20343
8.20357
8.20358
8.20386
8.20387
8.20395
8.20397
8.204
8.20472
8.20474
8.205
8.20517
8.20518
8.20523
8.20523
8.20554
8.20595
8.20598
8.20607
8.20661
8.2067
8.20699
8.20701
8.20705
8.20711
8.2073
8.2076
8.20766
8.20796
8.20797
8.20807
8.20823
8.20824
8.20827
8.20846
8.20858
8.20866
8.20869
8.20893
8.20907
8.20913
8.20999
8.21041
8.21087
8.2111
8.21125
8.2113
8.2115
8.21156
8.21165
8.21183
8.21186
8.21214
8.21219
8.21228
8.21245
8.21253
8.21267
8.2127
8.21326
8.21349
8.214
8.21407
8.21452
8.21498
8.21519
8.21542
8.21549
8.21559
8.21606
8.21612
8.21623
8.21646
8.21656
8.21696
8.21702
8.21708
8.21748
8.21755
8.21785
8.21831
8.21845
8.21894
8.21925
8.21941
8.22058
8.22086
8.22089
8.2209
8.22107
8.22143
8.22165
8.22191
8.22257
8.22274
8.22316
8.22355
8.2241
8.22471
8.22474
8.22501
8.22509
8.2251
8.22516
8.22557
8.22579
8.22588
8.22627
8.22635
8.22639
8.22639
8.22678
8.22704
8.2273
8.22788
8.22822
8.22833
8.22849
8.22919
8.22937
8.2294
8.22966
8.23012
8.23024
8.23031
8.23038
8.23049
8.23056
8.23056
8.23069
8.23111
8.23118
8.23135
8.23147
8.23172
8.23195
8.23237
8.23277
8.23302
8.23305
8.23306
8.23353
8.23364
8.23374
8.2338
8.23384
8.23419
8.2344
8.23545
8.23585
8.23613
8.23621
8.23659
8.23674
8.23707
8.23712
8.23722
8.23724
8.23734
8.23742
8.23807
8.23838
8.2384
8.23892
8.23905
8.23973
8.23974
8.23994
8.24044
8.24054
8.24071
8.24157
8.24173
8.24175
8.24179
8.24204
8.24239
8.24244
8.24255
8.24423
8.24441
8.24448
8.24458
8.24467
8.24505
8.24522
8.24559
8.24597
8.24615
8.24636
8.24646
8.24693
8.24697
8.24725
8.24742
8.2479
8.24793
8.24813
8.2484
8.24855
8.24867
8.24931
8.24933
8.24933
8.24953
8.24983
8.24998
8.25006
8.25022
8.25026
8.25057
8.25062
8.25063
8.25066
8.25111
8.25119
8.25132
8.25169
8.25222
8.25228
8.25275
8.25281
8.25317
8.25324
8.25335
8.25363
8.25371
8.25435
8.25456
8.25461
8.25462
8.25485
8.25494
8.25503
8.25504
8.25541
8.25542
8.25566
8.25591
8.256
8.25637
8.2565
8.25664
8.2568
8.25712
8.258
8.25813
8.25872
8.25926
8.2596
8.25966
8.26
8.26029
8.26052
8.26066
8.26075
8.26096
8.26147
8.26187
8.26216
8.26247
8.26257
8.2626
8.2627
8.26284
8.263
8.26306
8.26308
8.26319
8.26335
8.2634
8.26359
8.2636
8.26378
8.2638
8.26397
8.26451
8.26493
8.26514
8.26561
8.26584
8.26591
8.26607
8.26615
8.26673
8.26746
8.26749
8.26789
8.26838
8.26856
8.26897
8.26945
8.26967
8.26982
8.27005
8.27019
8.27035
8.27074
8.27079
8.27118
8.2713
8.27137
8.27174
8.27201
8.27207
8.27238
8.27243
8.27252
8.27266
8.27309
8.27343
8.27375
8.27378
8.27382
8.27458
8.27462
8.27513
8.27518
8.27527
8.27534
8.27542
8.27556
8.27574
8.27614
8.27638
8.27664
8.277
8.27786
8.27831
8.27848
8.27849
8.27879
8.27889
8.27925
8.27939
8.27953
8.27959
8.27971
8.27975
8.2801
8.28012
8.28022
8.28079
8.281
8.2818
8.282
8.282
8.28215
8.28259
8.28272
8.28307
8.28362
8.28414
8.28439
8.28521
8.28733
8.28769
8.28783
8.28789
8.2883
8.28842
8.28862
8.28864
8.28876
8.28903
8.28905
8.28946
8.28951
8.28976
8.28982
8.29017
8.29036
8.29038
8.29043
8.29125
8.29132
8.29189
8.2927
8.29277
8.29285
8.29312
8.29315
8.29325
8.29333
8.29423
8.29475
8.29485
8.29503
8.29505
8.29599
8.29608
8.29632
8.29652
8.29667
8.29669
8.29679
8.29686
8.29706
8.2972
8.29739
8.29741
8.29743
8.29749
8.29816
8.29823
8.29827
8.29847
8.29885
8.29901
8.29928
8.29956
8.29979
8.30044
8.30062
8.30067
8.30118
8.30122
8.30126
8.30158
8.30199
8.30202
8.30229
8.30251
8.30252
8.3028
8.30287
8.30301
8.30308
8.3031
8.30334
8.3038
8.30407
8.3045
8.30453
8.3048
8.30492
8.3051
8.30541
8.3055
8.30552
8.30559
8.30563
8.30565
8.30581
8.30594
8.30621
8.30646
8.30661
8.30684
8.30687
8.30689
8.30711
8.30714
8.30718
8.30728
8.3073
8.30778
8.30794
8.30803
8.30839
8.30844
8.30845
8.30895
8.30903
8.3094
8.30947
8.30947
8.31015
8.31017
8.31055
8.31099
8.31158
8.31317
8.31335
8.3136
8.31371
8.31441
8.31459
8.31461
8.3148
8.31487
8.31553
8.31558
8.31566
8.31614
8.31624
8.31707
8.31731
8.31751
8.31752
8.31769
8.31816
8.31821
8.31842
8.31859
8.31915
8.31949
8.31972
8.3198
8.32043
8.32048
8.32064
8.32082
8.3212
8.32136
8.32142
8.32187
8.32192
8.32254
8.32276
8.32276
8.32288
8.32346
8.32353
8.32362
8.32404
8.32447
8.32448
8.32483
8.32488
8.32524
8.32545
8.32584
8.32607
8.32641
8.32646
8.32656
8.3267
8.32731
8.32737
8.32858
8.32862
8.32866
8.32879
8.3288
8.3288
8.32935
8.32936
8.32968
8.33024
8.33029
8.33045
8.33047
8.33064
8.3307
8.33082
8.33113
8.33171
8.3318
8.33216
8.33232
8.33253
8.33256
8.33299
8.33393
8.33422
8.33477
8.33517
8.33531
8.33532
8.33545
8.33599
8.33603
8.33603
8.33628
8.33658
8.33726
8.33728
8.33757
8.33809
8.33856
8.33866
8.33866
8.33877
8.33881
8.33886
8.33899
8.33902
8.33916
8.33941
8.33989
8.3401
8.3403
8.34051
8.34052
8.34066
8.34068
8.3407
8.34092
8.34106
8.3411
8.34112
8.34121
8.34145
8.34153
8.34163
8.34169
8.34182
8.34204
8.34241
8.34266
8.34287
8.34311
8.34365
8.34383
8.34391
8.34408
8.34431
8.34436
8.34519
8.34529
8.34606
8.34632
8.34662
8.34676
8.34713
8.34718
8.34767
8.34858
8.34894
8.34936
8.34936
8.3497
8.34995
8.35003
8.35044
8.35147
8.3516
8.35222
8.35224
8.35231
8.35282
8.35289
8.35304
8.35314
8.35324
8.35334
8.35391
8.35397
8.354
8.35438
8.35472
8.35475
8.35492
8.35515
8.35535
8.35567
8.35617
8.35623
8.35634
8.35647
8.35648
8.35659
8.35662
8.35685
8.35749
8.35767
8.35776
8.35821
8.35864
8.35884
8.35894
8.35897
8.35911
8.35913
8.35966
8.36082
8.36097
8.36105
8.36115
8.36117
8.36136
8.3616
8.36177
8.36239
8.36281
8.36282
8.3635
8.36365
8.36378
8.36387
8.36406
8.3647
8.36495
8.36499
8.36526
8.36534
8.36587
8.36613
8.36634
8.36642
8.36666
8.36683
8.36704
8.36795
8.36809
8.36813
8.36815
8.36855
8.36865
8.36868
8.36888
8.36907
8.36915
8.36924
8.36968
8.36977
8.3701
8.37028
8.37033
8.37119
8.37229
8.3724
8.37248
8.37264
8.37267
8.37297
8.37309
8.37336
8.37371
8.37371
8.37396
8.37478
8.3749
8.37504
8.37506
8.37507
8.37542
8.37615
8.37616
8.37653
8.37657
8.37697
8.37707
8.37756
8.3776
8.37766
8.37789
8.3781
8.37819
8.3783
8.37867
8.37974
8.3798
8.37989
8.37997
8.38021
8.38035
8.38089
8.3811
8.38148
8.38165
8.38172
8.38204
8.38263
8.38277
8.38301
8.38335
8.38336
8.38365
8.38367
8.38397
8.38435
8.38475
8.38497
8.38528
8.38533
8.38542
8.38571
8.38641
8.38681
8.38699
8.38749
8.38865
8.38891
8.38904
8.38941
8.3896
8.38962
8.39022
8.39093
8.3914
8.3914
8.39219
8.39253
8.39257
8.39328
8.39366
8.39376
8.3939
8.39406
8.39486
8.39498
8.39558
8.39585
8.39622
8.39646
8.39689
8.39693
8.39702
8.39716
8.39753
8.3978
8.3979
8.39792
8.39806
8.39812
8.39833
8.39834
8.3986
8.39876
8.39913
8.39925
8.39954
8.4007
8.40142
8.40168
8.40169
8.40172
8.40181
8.40188
8.40207
8.40245
8.40254
8.40276
8.40291
8.40326
8.40333
8.40355
8.40362
8.40439
8.40444
8.40451
8.40462
8.40462
8.40498
8.40501
8.40504
8.40508
8.40525
8.40543
8.40555
8.40623
8.40645
8.40649
8.40653
8.40691
8.40708
8.40711
8.40714
8.40745
8.40767
8.40778
8.40806
8.40892
8.40927
8.40962
8.40963
8.40964
8.41066
8.4118
8.41202
8.41202
8.41213
8.41221
8.41252
8.41278
8.41287
8.41311
8.41332
8.41342
8.41346
8.41366
8.41412
8.41428
8.4143
8.41485
8.41542
8.41587
8.41591
8.41594
8.41604
8.4161
8.41612
8.41619
8.41671
8.41728
8.41752
8.41757
8.41778
8.4179
8.41824
8.41824
8.41826
8.41859
8.41862
8.41884
8.41889
8.41934
8.42014
8.42181
8.42215
8.42217
8.42245
8.42274
8.42335
8.42342
8.42348
8.42354
8.42381
8.4239
8.42393
8.42425
8.42464
8.42558
8.42562
8.42571
8.4262
8.4263
8.42671
8.4269
8.42697
8.42735
8.42758
8.42787
8.42845
8.42856
8.42876
8.42878
8.42921
8.42925
8.42974
8.42991
8.42998
8.43022
8.43025
8.4307
8.43131
8.43163
8.4319
8.43195
8.43196
8.43231
8.43277
8.43305
8.43395
8.43397
8.43425
8.43447
8.43455
8.43487
8.43551
8.43625
8.43652
8.4369
8.43722
8.43722
8.43744
8.43759
8.43855
8.43878
8.43949
8.43959
8.43994
8.44018
8.44042
8.44077
8.44143
8.44176
8.44203
8.44232
8.44242
8.44295
8.44308
8.44338
8.44346
8.4436
8.44371
8.44386
8.44388
8.44456
8.44541
8.44549
8.44552
8.44557
8.4457
8.44605
8.44622
8.44666
8.44742
8.44745
8.44772
8.44776
8.44832
8.44833
8.44867
8.4489
8.44901
8.44911
8.44915
8.45025
8.45048
8.45059
8.45141
8.45145
8.45181
8.45224
8.45234
8.45253
8.45266
8.45309
8.45461
8.45503
8.45531
8.45536
8.45648
8.45664
8.45685
8.45688
8.45713
8.45714
8.45728
8.45738
8.45776
8.45794
8.45808
8.4583
8.45932
8.45963
8.45977
8.46001
8.46026
8.46027
8.46115
8.46202
8.46291
8.46297
8.46302
8.46337
8.46371
8.4638
8.4639
8.46449
8.46453
8.46464
8.46495
8.46567
8.46571
8.46595
8.46611
8.46631
8.46644
8.46645
8.46647
8.46692
8.46768
8.46826
8.4686
8.46909
8.46948
8.46948
8.46978
8.47021
8.47117
8.47127
8.47239
8.4725
8.47274
8.47293
8.4739
8.47391
8.47503
8.47504
8.47522
8.47569
8.47607
8.47626
8.47637
8.47682
8.47694
8.47697
8.47709
8.47752
8.47764
8.4781
8.47836
8.47841
8.47842
8.47858
8.4787
8.4788
8.47925
8.47944
8.47956
8.47966
8.4803
8.48118
8.48156
8.48176
8.48186
8.48195
8.48213
8.48302
8.48309
8.4831
8.48326
8.48331
8.48376
8.48383
8.48384
8.48409
8.4842
8.48451
8.48474
8.48482
8.48541
8.48558
8.48626
8.48627
8.48631
8.48635
8.48667
8.48737
8.48799
8.48885
8.48887
8.4894
8.48968
8.48991
8.49
8.49017
8.49079
8.49108
8.4919
8.49215
8.49224
8.4924
8.4926
8.49325
8.49336
8.49412
8.49463
8.49467
8.49498
8.49501
8.49554
8.49557
8.49586
8.49594
8.49632
8.49645
8.49655
8.49676
8.49682
8.49711
8.49716
8.49724
8.49839
8.49859
8.4986
8.49885
8.4992
8.49925
8.49926
8.49932
8.50003
8.50006
8.50022
8.50025
8.50045
8.50062
8.5017
8.50176
8.50187
8.50253
8.50268
8.50296
8.50305
8.50386
8.50386
8.50404
8.50411
8.50445
8.5047
8.50477
8.50519
8.50548
8.50575
8.50581
8.50621
8.50627
8.50632
8.50649
8.50804
8.50806
8.50808
8.50826
8.50832
8.50836
8.5084
8.50882
8.50901
8.50904
8.50912
8.50927
8.50977
8.50992
8.51009
8.51013
8.51015
8.51034
8.51038
8.51046
8.51071
8.51072
8.51087
8.51097
8.51103
8.51117
8.5121
8.5126
8.51275
8.51288
8.51295
8.51297
8.51337
8.51356
8.5136
8.51397
8.5143
8.51448
8.51458
8.51467
8.5148
8.51487
8.51526
8.51534
8.5159
8.51734
8.51794
8.518
8.51843
8.51856
8.51885
8.51965
8.52056
8.52057
8.52067
8.52111
8.52231
8.52239
8.52328
8.52347
8.52353
8.5236
8.52364
8.52434
8.52455
8.52458
8.52464
8.52489
8.52545
8.52578
8.52578
8.52666
8.52711
8.52713
8.52759
8.52799
8.52826
8.52834
8.52923
8.5295
8.52976
8.52993
8.5302
8.5304
8.53055
8.53061
8.53107
8.53107
8.53111
8.53144
8.5315
8.5316
8.53202
8.53233
8.53268
8.53377
8.53409
8.53418
8.53472
8.53486
8.53493
8.53546
8.53555
8.53594
8.53632
8.53642
8.53643
8.53652
8.53676
8.53716
8.53729
8.53729
8.53786
8.53801
8.53815
8.53849
8.5385
8.53851
8.53923
8.53924
8.53924
8.53962
8.53973
8.54032
8.54102
8.54129
8.54216
8.54219
8.54229
8.54258
8.54283
8.54285
8.54289
8.54313
8.54326
8.5444
8.54452
8.54454
8.54458
8.54544
8.54624
8.54638
8.54751
8.54765
8.5481
8.54825
8.54826
8.54827
8.54881
8.54923
8.54943
8.5495
8.55066
8.55109
8.55162
8.55213
8.55273
8.55276
8.55378
8.55395
8.55404
8.55516
8.55563
8.55646
8.55808
8.55819
8.55887
8.55907
8.55927
8.55976
8.55987
8.56027
8.5605
8.56058
8.56058
8.56071
8.56103
8.5615
8.56164
8.56176
8.56183
8.56212
8.5624
8.56263
8.56268
8.56324
8.56327
8.56346
8.56361
8.56424
8.56443
8.56452
8.56461
8.56502
8.56525
8.56547
8.5662
8.56641
8.56733
8.56828
8.56829
8.56961
8.57032
8.57034
8.5719
8.57205
8.57231
8.57451
8.57521
8.57569
8.57574
8.57621
8.5763
8.57639
8.57645
8.57648
8.57652
8.57713
8.57716
8.5772
8.57768
8.57819
8.57823
8.57837
8.57841
8.57854
8.57865
8.57884
8.57931
8.57936
8.5794
8.58003
8.58026
8.58045
8.58047
8.58091
8.58104
8.58207
8.58217
8.58244
8.58253
8.58269
8.58313
8.5833
8.5835
8.58412
8.58422
8.58468
8.58493
8.585
8.58522
8.58526
8.58539
8.58549
8.58592
8.58663
8.58681
8.58727
8.58754
8.58754
8.5877
8.588
8.58871
8.58901
8.58935
8.58968
8.58977
8.58977
8.58983
8.59012
8.59051
8.59074
8.59078
8.59092
8.59105
8.59121
8.59151
8.59162
8.59177
8.59192
8.59236
8.59271
8.59278
8.59305
8.59376
8.59386
8.59388
8.59389
8.59501
8.59514
8.59548
8.5957
8.59612
8.59621
8.59622
8.59717
8.59753
8.59865
8.59873
8.60013
8.60166
8.60172
8.60258
8.6028
8.60284
8.60317
8.60365
8.60374
8.60385
8.60406
8.60409
8.6044
8.60485
8.6053
8.60566
8.60571
8.60572
8.60605
8.60684
8.60685
8.60717
8.60757
8.6076
8.60772
8.60798
8.60809
8.6081
8.60835
8.60845
8.60857
8.60866
8.60883
8.60996
8.61015
8.61045
8.61073
8.61075
8.61102
8.61142
8.61295
8.61304
8.61314
8.6133
8.61432
8.61486
8.61515
8.61515
8.6157
8.61615
8.61672
8.61726
8.61726
8.61783
8.61809
8.619
8.61907
8.61979
8.62039
8.62039
8.62042
8.62054
8.62159
8.62162
8.62169
8.62215
8.62217
8.62305
8.62387
8.62397
8.62438
8.62443
8.62449
8.62454
8.62455
8.62464
8.62545
8.6262
8.62665
8.62712
8.62755
8.6277
8.62825
8.62975
8.63004
8.63027
8.63095
8.63172
8.63236
8.63276
8.6334
8.63414
8.63466
8.63483
8.63491
8.63567
8.63677
8.63748
8.63761
8.6383
8.6385
8.63877
8.63879
8.63895
8.64013
8.64017
8.64032
8.64059
8.64084
8.64129
8.64153
8.64191
8.64218
8.64222
8.64224
8.64237
8.64239
8.64288
8.64321
8.64402
8.64432
8.64494
8.64503
8.64534
8.64546
8.6455
8.64606
8.64711
8.6472
8.64812
8.64841
8.64864
8.64932
8.65005
8.65083
8.65093
8.65126
8.65167
8.65215
8.65216
8.65228
8.65239
8.65273
8.65317
8.65336
8.65388
8.65396
8.65408
8.65444
8.6549
8.65517
8.65527
8.65564
8.65663
8.65663
8.65732
8.65749
8.6575
8.65784
8.65806
8.65841
8.65851
8.65864
8.6591
8.6593
8.65948
8.66147
8.66151
8.66166
8.66276
8.66303
8.66396
8.66422
8.66459
8.66469
8.66473
8.66474
8.66505
8.66509
8.66599
8.66635
8.66734
8.66748
8.66751
8.66838
8.66898
8.66934
8.67001
8.67063
8.67096
8.6713
8.6717
8.674
8.67403
8.67473
8.67501
8.67516
8.67549
8.67551
8.67563
8.67626
8.67747
8.67775
8.67779
8.67862
8.67868
8.67904
8.67999
8.67999
8.68078
8.68169
8.68184
8.6821
8.68321
8.68321
8.68365
8.68381
8.68387
8.68387
8.68423
8.68578
8.68693
8.68694
8.68694
8.68823
8.68871
8.6891
8.68949
8.68966
8.68986
8.69023
8.69026
8.69047
8.69055
8.69105
8.69141
8.69147
8.69174
8.69179
8.69288
8.69366
8.69376
8.69442
8.69446
8.69487
8.69508
8.69515
8.69521
8.69521
8.69525
8.69527
8.69639
8.69663
8.69681
8.69684
8.69759
8.69798
8.6983
8.69883
8.69899
8.69918
8.69932
8.69948
8.69993
8.70048
8.7007
8.70177
8.70195
8.70199
8.70233
8.70247
8.70261
8.70283
8.7036
8.70366
8.70392
8.70392
8.70394
8.70484
8.70498
8.70502
8.7052
8.70534
8.7056
8.70612
8.70651
8.70653
8.70723
8.70836
8.70883
8.70976
8.71001
8.71018
8.71056
8.71175
8.71178
8.71188
8.71237
8.71291
8.71341
8.7137
8.71396
8.71442
8.7147
8.71494
8.71524
8.71568
8.71573
8.71606
8.71614
8.71804
8.71846
8.71904
8.72065
8.72108
8.72131
8.72182
8.7219
8.72229
8.72251
8.72268
8.72298
8.7231
8.72399
8.72413
8.72485
8.72516
8.72565
8.72617
8.72646
8.72707
8.72719
8.72744
8.72745
8.72754
8.72848
8.72878
8.72891
8.72904
8.72942
8.72979
8.73147
8.7328
8.73308
8.73431
8.73514
8.73586
8.73618
8.73706
8.73711
8.73722
8.73818
8.73829
8.73852
8.73904
8.73913
8.7392
8.74003
8.74024
8.74025
8.74026
8.74318
8.7436
8.74371
8.74454
8.74482
8.74548
8.74617
8.74627
8.74632
8.74706
8.74747
8.74834
8.7485
8.74857
8.7494
8.75004
8.75015
8.7505
8.75094
8.75111
8.75116
8.75128
8.75154
8.75331
8.75341
8.7537
8.75401
8.7542
8.7543
8.75439
8.75457
8.75482
8.75508
8.75521
8.75554
8.75607
8.75667
8.75707
8.75708
8.75766
8.75804
8.75925
8.75942
8.75945
8.76002
8.7602
8.76037
8.76039
8.76041
8.7609
8.76138
8.76161
8.76198
8.76251
8.76257
8.76258
8.76355
8.7639
8.76398
8.76432
8.76468
8.76522
8.76536
8.76554
8.76568
8.76609
8.76625
8.76638
8.76701
8.76733
8.76734
8.76744
8.76782
8.76798
8.76812
8.76855
8.76859
8.76861
8.76891
8.76994
8.77143
8.77143
8.77161
8.77199
8.7725
8.77279
8.7737
8.77447
8.77517
8.77526
8.77587
8.77588
8.77589
8.77613
8.77639
8.77658
8.77659
8.77717
8.7772
8.77759
8.77787
8.77801
8.77817
8.779
8.77918
8.77927
8.77935
8.77946
8.77962
8.78024
8.78044
8.78079
8.78098
8.78113
8.78116
8.78139
8.7816
8.78212
8.78251
8.78252
8.78271
8.78442
8.78573
8.78635
8.78645
8.78664
8.78678
8.78704
8.78728
8.78746
8.78775
8.78829
8.78889
8.78916
8.78944
8.79012
8.79108
8.79112
8.79199
8.79216
8.7924
8.79254
8.79255
8.79335
8.79371
8.79473
8.79526
8.79533
8.79594
8.79622
8.7966
8.79689
8.79702
8.79841
8.79859
8.79908
8.79917
8.79933
8.7995
8.79997
8.80033
8.80131
8.80241
8.8026
8.80294
8.8031
8.80366
8.80431
8.80495
8.80518
8.80533
8.80623
8.80665
8.80701
8.8074
8.80814
8.80828
8.80913
8.80971
8.8101
8.81098
8.81168
8.81267
8.81399
8.81647
8.81664
8.81676
8.8169
8.81747
8.81911
8.81933
8.81946
8.81998
8.82054
8.82188
8.8222
8.82242
8.82255
8.82258
8.82283
8.82317
8.82357
8.82469
8.82544
8.82571
8.82578
8.82658
8.82771
8.82835
8.82855
8.82884
8.82955
8.82994
8.82995
8.82997
8.83103
8.83115
8.83175
8.83193
8.83223
8.83247
8.83263
8.83266
8.8336
8.8348
8.83532
8.83602
8.83702
8.83961
8.83963
8.8399
8.84096
8.84103
8.84114
8.84293
8.84354
8.84367
8.84404
8.84414
8.84473
8.84489
8.8452
8.8459
8.84626
8.84663
8.84721
8.84741
8.8476
8.84766
8.84771
8.84823
8.84853
8.84863
8.8489
8.84927
8.84957
8.84965
8.84975
8.85036
8.85052
8.8507
8.85091
8.85166
8.85171
8.85182
8.85212
8.85216
8.85223
8.85236
8.85313
8.8538
8.85401
8.85459
8.85607
8.85623
8.85678
8.85724
8.85729
8.85731
8.85737
8.85806
8.85818
8.85836
8.85941
8.86008
8.86022
8.86046
8.86067
8.86077
8.86159
8.86166
8.86239
8.86243
8.86271
8.86289
8.8651
8.86946
8.87099
8.87204
8.87236
8.87287
8.87311
8.87409
8.87413
8.87473
8.8752
8.87559
8.87597
8.87613
8.87637
8.87689
8.87691
8.87703
8.87855
8.87926
8.88058
8.88098
8.88121
8.88162
8.88332
8.8838
8.88383
8.884
8.88426
8.88454
8.88462
8.88497
8.88532
8.88543
8.88591
8.88628
8.88637
8.8869
8.88736
8.888
8.88808
8.88883
8.89067
8.8914
8.89246
8.89267
8.89314
8.89351
8.89367
8.89444
8.89532
8.89539
8.89612
8.89696
8.89744
8.89787
8.89809
8.89827
8.89847
8.89853
8.89853
8.89866
8.89867
8.89874
8.89887
8.89964
8.89991
8.90017
8.90122
8.90133
8.90203
8.90204
8.90248
8.90298
8.90368
8.904
8.90461
8.90507
8.90514
8.90521
8.90524
8.90532
8.90624
8.90654
8.90676
8.90723
8.90748
8.90762
8.90776
8.90794
8.90824
8.91015
8.91026
8.91038
8.91131
8.91194
8.91237
8.913
8.91322
8.91336
8.91371
8.91453
8.91506
8.91508
8.91525
8.91598
8.916
8.91617
8.91639
8.9174
8.91758
8.91818
8.91844
8.91899
8.91919
8.91987
8.92088
8.92173
8.92208
8.92346
8.9235
8.92503
8.92528
8.92796
8.92884
8.92913
8.92942
8.92965
8.93115
8.93122
8.93165
8.93203
8.93327
8.93392
8.93451
8.93476
8.93498
8.93507
8.93637
8.93673
8.93804
8.93812
8.93845
8.93896
8.93922
8.93963
8.94055
8.94089
8.94224
8.94401
8.94477
8.94535
8.94535
8.94542
8.94551
8.94565
8.94713
8.94744
8.94757
8.94799
8.94843
8.94901
8.94996
8.95034
8.95125
8.95133
8.95175
8.95231
8.95302
8.95355
8.95362
8.95378
8.95378
8.95448
8.95512
8.95603
8.95627
8.95777
8.95847
8.95871
8.95915
8.9599
8.96002
8.96042
8.96049
8.96141
8.96214
8.96261
8.96354
8.96524
8.96602
8.96633
8.96634
8.96646
8.96671
8.9671
8.96728
8.96771
8.96789
8.96918
8.96955
8.97111
8.97114
8.97129
8.97248
8.9725
8.97383
8.9744
8.97447
8.97504
8.97535
8.97537
8.97567
8.97587
8.97636
8.97743
8.97752
8.97843
8.97854
8.97901
8.9794
8.98014
8.98043
8.98057
8.98086
8.98133
8.98151
8.98183
8.98266
8.98321
8.98338
8.984
8.98416
8.98658
8.98764
8.98885
8.98897
8.98915
8.9905
8.9906
8.99084
8.99122
8.99141
8.99143
8.99317
8.9939
8.99462
8.99476
8.99524
8.99537
8.9954
8.99749
8.99792
8.99832
8.99899
9.00106
9.00113
9.00264
9.00356
9.00358
9.00369
9.00398
9.00402
9.00405
9.00481
9.00519
9.00574
9.00603
9.00796
9.00802
9.00852
9.00863
9.00901
9.00943
9.01026
9.01037
9.01113
9.01113
9.01121
9.01226
9.01234
9.01308
9.01395
9.01476
9.01548
9.01572
9.01652
9.01672
9.01711
9.01852
9.01869
9.01869
9.01907
9.02031
9.02258
9.02308
9.02349
9.02389
9.02407
9.02424
9.02538
9.0258
9.02758
9.02909
9.02934
9.02983
9.0299
9.03085
9.03132
9.03175
9.03227
9.03307
9.03332
9.03355
9.03369
9.03393
9.03416
9.03467
9.03512
9.03513
9.0352
9.03569
9.0358
9.03616
9.03711
9.03774
9.0379
9.03822
9.03829
9.0391
9.03915
9.03993
9.04023
9.0405
9.04079
9.04106
9.04198
9.04351
9.04397
9.04397
9.04467
9.04496
9.04522
9.04536
9.04562
9.04608
9.04696
9.04865
9.0489
9.04962
9.04989
9.05006
9.05087
9.05163
9.05208
9.05351
9.05395
9.05457
9.05469
9.05638
9.05667
9.05861
9.059
9.05944
9.06004
9.06083
9.06093
9.06158
9.06196
9.0621
9.06316
9.06365
9.06416
9.06507
9.06518
9.06543
9.06566
9.06571
9.06572
9.06591
9.06791
9.06841
9.06917
9.06986
9.07022
9.07103
9.07114
9.0714
9.07179
9.07183
9.07233
9.07272
9.07324
9.07363
9.07364
9.07427
9.07458
9.07485
9.07659
9.07669
9.07846
9.07873
9.08033
9.08238
9.08246
9.0836
9.08494
9.08546
9.08644
9.0865
9.08759
9.08787
9.08866
9.08914
9.08934
9.08977
9.09077
9.09109
9.09188
9.09231
9.09361
9.09382
9.09405
9.09541
9.09621
9.09722
9.0974
9.09891
9.09898
9.10035
9.10036
9.10134
9.10141
9.10144
9.10274
9.10602
9.10697
9.10749
9.10762
9.10957
9.1111
9.11191
9.11249
9.1134
9.11346
9.11397
9.11575
9.11717
9.11754
9.11781
9.11794
9.11808
9.11825
9.11912
9.11915
9.11928
9.12039
9.12114
9.12124
9.12135
9.12182
9.12276
9.12406
9.12541
9.12544
9.12657
9.12699
9.12703
9.12847
9.12875
9.12938
9.12961
9.13087
9.13242
9.13303
9.13338
9.13374
9.13456
9.13464
9.13476
9.13569
9.13585
9.13967
9.14015
9.14072
9.14117
9.14228
9.14251
9.14285
9.14399
9.14413
9.14444
9.14493
9.14503
9.14571
9.14645
9.14796
9.14872
9.15041
9.15164
9.15303
9.155
9.15518
9.15623
9.15627
9.15795
9.15798
9.15823
9.15845
9.15974
9.16016
9.1611
9.1618
9.16249
9.16277
9.16334
9.16338
9.16453
9.1661
9.16867
9.1691
9.16994
9.1709
9.17157
9.17205
9.17279
9.17337
9.17511
9.17517
9.17607
9.17738
9.17759
9.17822
9.17875
9.17949
9.18
9.18017
9.18188
9.18262
9.18417
9.18464
9.18536
9.18795
9.18869
9.18886
9.19032
9.19152
9.19299
9.19351
9.19493
9.19513
9.19559
9.19672
9.19832
9.19863
9.19867
9.199
9.20029
9.20285
9.2029
9.20296
9.20315
9.2045
9.20483
9.20585
9.20639
9.20677
9.20684
9.20904
9.20988
9.21035
9.21059
9.21101
9.21184
9.21391
9.2163
9.21668
9.21684
9.22047
9.22048
9.22226
9.22339
9.22376
9.22523
9.22535
9.22547
9.22625
9.22963
9.22985
9.23066
9.23115
9.23183
9.23255
9.23403
9.23495
9.23546
9.23744
9.23773
9.23823
9.23868
9.2387
9.23949
9.24046
9.24083
9.24129
9.24165
9.24166
9.24505
9.24562
9.24597
9.24602
9.24802
9.24833
9.24872
9.24873
9.25082
9.25137
9.25344
9.25812
9.2593
9.25944
9.25955
9.25991
9.26036
9.26135
9.26142
9.26332
9.2645
9.26656
9.26692
9.26706
9.26909
9.27058
9.27066
9.27114
9.27142
9.27236
9.27413
9.27478
9.27486
9.27495
9.27621
9.27642
9.27675
9.27744
9.27775
9.27809
9.27823
9.27868
9.27874
9.27906
9.28123
9.28276
9.28295
9.2831
9.28477
9.28508
9.28513
9.28541
9.28599
9.28727
9.28813
9.28892
9.29202
9.29213
9.29277
9.29322
9.29623
9.29674
9.29738
9.29796
9.29998
9.30048
9.30099
9.30153
9.30172
9.30187
9.30283
9.30377
9.30421
9.30481
9.30523
9.30596
9.30677
9.30736
9.3076
9.30904
9.30932
9.30981
9.3117
9.3126
9.31286
9.31304
9.31325
9.31391
9.31399
9.31416
9.31754
9.31778
9.31969
9.32012
9.32254
9.32499
9.32737
9.32802
9.32896
9.33022
9.33035
9.33111
9.33147
9.33195
9.33413
9.33458
9.33536
9.33687
9.33733
9.33749
9.33799
9.33853
9.33885
9.34155
9.34171
9.34183
9.34377
9.34786
9.34793
9.34883
9.34996
9.35056
9.35271
9.35384
9.35506
9.35844
9.35918
9.35952
9.36004
9.36034
9.36039
9.3604
9.36278
9.36327
9.36339
9.36479
9.3651
9.36588
9.36867
9.37128
9.37195
9.37294
9.37373
9.37417
9.37502
9.37542
9.37642
9.37955
9.38005
9.38024
9.38346
9.38399
9.38571
9.3864
9.38645
9.3877
9.3883
9.39128
9.39304
9.39477
9.39689
9.39706
9.39789
9.39867
9.40024
9.40052
9.40248
9.40264
9.40331
9.40444
9.40674
9.40746
9.40854
9.41013
9.41174
9.4124
9.41254
9.41365
9.415
9.41512
9.41603
9.41671
9.41914
9.42096
9.42122
9.42148
9.42169
9.42183
9.42207
9.42422
9.42436
9.4271
9.42846
9.43254
9.4362
9.43708
9.43709
9.43829
9.43869
9.43877
9.43995
9.44159
9.44262
9.44295
9.44348
9.44403
9.4453
9.44571
9.44683
9.44768
9.44837
9.45033
9.4519
9.45293
9.45299
9.45727
9.4583
9.46067
9.46205
9.46241
9.46316
9.46356
9.46416
9.46614
9.46732
9.46855
9.47048
9.47331
9.47386
9.47668
9.47727
9.47735
9.47813
9.47962
9.48522
9.48741
9.48757
9.49022
9.4944
9.49571
9.49757
9.49808
9.50482
9.50508
9.50592
9.50738
9.51002
9.51113
9.51209
9.51359
9.51416
9.51696
9.51841
9.52023
9.52189
9.522
9.52366
9.52615
9.52891
9.5306
9.53188
9.53272
9.53607
9.53788
9.53897
9.53946
9.54229
9.54286
9.54451
9.54473
9.5448
9.54702
9.54787
9.54812
9.55045
9.55171
9.5535
9.55473
9.55635
9.55959
9.56163
9.56171
9.56305
9.56429
9.56994
9.57956
9.5808
9.58318
9.58318
9.58331
9.58424
9.58438
9.58522
9.58684
9.58735
9.59279
9.59314
9.59324
9.59415
9.59424
9.59505
9.59515
9.59678
9.60126
9.60281
