30
-0.981563     0.393949      
-0.792747     0.0100909     
-0.456286     0.00475656    
-0.318061     0.10897       
-0.195775     0.109233      
-0.0772786    0.10541       
0.0328944     0.0998197     
0.127282      0.0964417     
0.211505      0.0929749     
0.291822      0.0856969     
0.323518      0.0857946     
0.337347      0.0858374     
0.347684      0.0844454     
0.351842      0.0846578     
0.354904      0.0872753     
0.333672      0.175427      
0.0104208     0.264         
-0.0021786    0.279257      
0.00779075    0.163787      
0.00927713    0.125779      
0.00885203    0.127802      
0.00890102    0.130757      
0.00903033    0.134937      
0.00916091    0.137479      
0.00920255    0.13808       
0.00910062    0.138626      
0.00881287    0.139219      
0.00826391    0.139877      
0.00728893    0.140643      
0.00541564    0.141646      
