30
-1.9097       0.371372      
-0.878486     0.0102067     
-0.3775       0.135384      
-0.178109     0.202463      
-0.0943127    0.128115      
-0.0676237    0.0844982     
-0.0699023    0.0630707     
-0.0929692    0.0584115     
-0.135838     0.0593641     
-0.189551     0.063748      
-0.228376     0.0633947     
-0.254187     0.0699256     
-0.241965     0.152277      
-0.128057     0.269097      
-0.00379898   0.311616      
0.0226342     0.313034      
0.187532      0.269589      
0.331648      0.142125      
0.343883      0.101939      
0.32551       0.102752      
0.307805      0.100722      
0.321464      0.0988016     
0.339582      0.0981505     
0.352128      0.0985808     
0.361198      0.0995393     
0.368773      0.100805      
0.375781      0.102271      
0.382639      0.103882      
0.389551      0.105611      
0.396621      0.107443