30
-1.32088      0.368359      
-0.979859     0.0188813     
-0.725181     0.0905574     
-0.297666     0.142575      
-0.117806     0.132147      
-0.0631375    0.102808      
-0.0616731    0.0880426     
-0.0894882    0.083073      
-0.141094     0.0806862     
-0.214893     0.0805113     
-0.26171      0.0818648     
-0.281769     0.0879265     
-0.21623      0.169483      
-0.0826903    0.244114      
-0.00278876   0.26038       
0.0137099     0.261833      
0.112512      0.247399      
0.259538      0.173501      
0.357602      0.101331      
0.347442      0.107406      
0.32508       0.10706       
0.329211      0.104549      
0.350193      0.102834      
0.365191      0.102887      
0.374871      0.103727      
0.382329      0.105004      
0.388967      0.106562      
0.39537       0.108343      
0.401792      0.110356      
0.408332      0.112764      
