488044 295.579 500.375
7031.2 18.4181 18.4181
18363.5 20.5298 20.5298
13308.3 21.1242 21.3621
55169.8 23.6981 23.6981
171410 20.6224 20.6224
6091.76 23.9343 24.4307
20726 29.9547 30.449
4362.95 22.0721 22.4587
16015.7 22.1561 22.7422
1.46296e+006 22.7701 22.7701
3449.68 16.8625 16.9216
2531.64 20.9746 21.2257
4919.75 22.4581 23.5297
35410.9 22.7187 23.0616
26517.3 19.7023 19.7023
6.24665e+006 44393.2 44341.3
12061.2 32.5118 33.4736
2901.6 22.0598 22.2981
46464.3 21.1218 21.4982
9184.64 19.4746 19.4747
7871.11 22.4723 22.4723
82812.6 1824.58 2280.34
120814 19.0061 19.0061
83620.3 215.521 326.092
3.13119e+006 1696.11 2374.22
6267.08 20.8086 21.4527
27525.9 19.4265 19.4291
407949 22.2533 22.2533
168479 2761.14 2799.14
7110.1 21.3903 21.3903
15623 19.9573 19.9574
51228.1 22.2654 22.737
8608.72 21.3014 21.3014
15356.7 23.2417 23.4903
36612.2 23.1077 23.1077
2233.67 21.7556 22.0649
6163.03 17.9238 17.931
38241.3 21.2205 21.5304
2723.77 23.0267 23.2606
457247 9475.73 10063.3
7089.6 21.478 22.2227
12772.3 22.9516 23.3191
651344 20.1153 20.1153
5835.68 22.1212 23.1227
26282.2 18.2123 18.2492
445383 19.9269 20.0539
8475.81 18.2471 18.2471
107428 18.6542 18.7424
56044.1 16.8248 16.8251
1.25813e+006 12595.4 12595.4
14443.5 19.547 19.608
73599.8 21.9088 22.4954
665923 333.958 328.21
4.50911e+006 264.514 277.76
515117 20.3388 20.5671
19101.2 21.8189 21.8189
9070.76 21.7663 22.5166
19831.9 20.1782 20.1782
11872.7 23.7254 23.7254
2.61553e+006 11720 11720
5290.83 21.4641 21.9108
2614.45 18.7325 18.7325
546880 19.344 19.3529
410300 1572.92 1849.93
314910 22.9842 22.9842
22559.9 22.1825 22.1825
9278.12 19.9097 19.9114
12459.8 23.2883 23.2883
1420.58 21.0026 21.345
95300.7 17.287 17.2871
55802.5 21.6861 21.6861
39542.1 28.7841 29.598
4184.26 22.0487 22.7843
4109.98 22.6699 22.6699
4040.09 22.6365 23.7036
6330.51 24.122 24.6858
5955.8 20.7391 20.7391
880900 21.692 21.692
10402.4 23.191 23.191
4030.59 19.5052 19.5585
47432.7 19.7279 19.7299
1.25128e+006 19.2297 19.2578
10544.9 21.4335 21.9866
7598.73 22.425 22.7575
4168.29 23.5408 23.9464
467096 22.1825 22.427
2.71186e+006 22.0148 22.0148
9213.09 21.7798 22.086
19667.6 18.0907 18.0908
14476 22.7274 22.7274
12278.7 19.5534 19.5563
534615 20.6819 21.02
43120.2 25.673 25.9811
89283.8 18.3956 18.4427
27374.3 19.7596 19.7617
5618.51 18.9656 19.0088
111694 23.1217 23.1217
6087.7 23.6215 23.6215
583709 23.8613 23.8613
9658.01 17.9698 17.9742
3922.54 21.5413 21.9418
8478.13 18.239 18.2423
1882.1 1882.1 500.582
6395.89 21.5913 21.5913
206980 19.0436 19.6507
41482.8 22.4248 22.4248
43744.7 18.9049 18.9061
88683.1 18.8262 18.8262
9717.74 20.7352 20.7352
32944.5 23.0042 23.3938
89668.1 21.2203 21.2203
75103 18.3135 18.3361
62677.5 17.0578 17.0919
12654.5 21.3132 21.3132
437440 21.0566 21.7043
22395.2 23.3695 23.7427
48581.2 22.1758 22.1758
12174.1 21.7108 22.3171
138440 21.0563 21.0563
7107.08 22.4288 22.8309
36609.3 21.6788 21.6788
33491.5 18.5093 18.5351
215903 18.8407 18.8545
120503 22.4513 22.7282
136414 4814.02 7070.29
159381 22.6024 23.3172
6308.11 23.2 23.2
40202.3 22.2122 22.5053
2319.98 21.3491 21.3491
6275.19 18.6893 18.6894
219878 22.1863 22.8948
92126.4 21.3002 21.8241
68127.5 21.925 22.3531
2119.69 19.8016 19.8604
115924 21.8394 21.8394
21257.9 18.9646 18.9657
12818.7 21.9206 21.9206
74117.8 23.7266 24.1567
22969.6 21.9926 22.2289
18016.8 26.9613 27.81
2385.03 23.0373 23.0373
3838.4 21.6051 21.8797
98523.2 19.8645 19.8645
54650.3 22.1668 22.1668
224959 18.2658 18.2671
1668.13 23.253 23.8175
2.21766e+006 239.486 900.127
167313 23.5881 23.5881
13890.9 21.5023 21.5023
12423.5 22.6653 23.1261
126083 22.7884 22.7884
1.1028e+006 23.0505 23.0505
3686.66 21.3177 21.6485
968275 1744.31 2757.33
19291 17.7846 17.7846
4334.07 24.1651 24.1651
2.48591e+006 20.8323 20.8323
499398 24.1034 24.3665
401002 24.968 25.2755
182220 22.8099 22.8099
13152.7 23.3774 23.3774
180738 21.7611 21.7611
182180 22.8475 22.8475
5553.83 22.2076 23.0581
7309.81 22.5921 22.9469
140936 19.2851 19.2852
26208.1 5253.68 5253.68
7330.38 19.4413 19.4414
8526.69 23.4079 24.0916
95918.2 19.1843 19.1844
59447.6 21.0495 21.0495
30949.2 22.3274 22.7578
13517.2 21.5168 22.5524
213950 18.8131 18.9812
22663.8 21.1671 21.1671
29669.5 18.2194 18.2742
25963.4 22.803 22.803
2.24578e+006 17018.2 17340.6
30632.1 22.9 22.9
39977.3 18.7714 18.7714
9432.69 22.8291 23.2124
7520.75 19.438 19.438
61393.4 21.5038 21.5038
14099.7 20.2024 20.5707
77759.6 18.615 18.6152
25764.3 22.7855 22.7855
565132 17.6498 18.0255
85574.3 23.1036 23.1036
39852.4 22.2263 22.2263
1.01324e+006 22.5117 22.5117
15805.9 22.6042 22.6042
84027.3 18.2303 18.2499
3814.32 21.656 22.0861
23674.7 21.7945 21.7945
6542.46 22.4429 23.1984
45138.8 16.9485 16.9486
1375.55 22.3996 22.9999
25336.7 21.871 21.871
3.9522e+006 18.6547 18.6548
