30
-0.777758     0.367094      
-0.520479     0.0409878     
-0.415043     0.00014783    
-0.303306     0.0556473     
-0.170195     0.0929791     
-0.0275712    0.0971404     
0.0937096     0.0886086     
0.173962      0.0831968     
0.195543      0.0795087     
0.209528      0.0677033     
0.229953      0.0626466     
0.246451      0.0598538     
0.256888      0.0610092     
0.26439       0.0745356     
0.26229       0.143938      
0.179001      0.291521      
0.00375756    0.343244      
-0.00246498   0.345859      
-0.00291848   0.230211      
0.00270136    0.120538      
0.0057013     0.116035      
0.00638914    0.119557      
0.00700324    0.121526      
0.00805362    0.122038      
0.00907544    0.122347      
0.00999993    0.122652      
0.0108257     0.122968      
0.0115555     0.123295      
0.0121925     0.123632      
0.0127397     0.123981      
