175.528 19.8995 26.0396 438
59.9669 15.3632 20.4962 377
206.395 16.1086 21.2236 1025
70.9963 17.9796 21.0221 195
109.006 19.63 25.3641 328
216.525 19.2219 27.9514 820
71.6769 19.9592 25.6448 413
114.259 18.8492 25.7798 261
51.1181 18.6309 24.6382 276
106.733 18.7338 24.6182 384
176.315 18.5509 26.13 267
70.1421 17.1672 24.4124 483
131.477 16.6566 22.5752 373
45.0001 18.9494 24.2835 300
83.223 19.2853 24.8475 341
135.695 16.7155 22.0889 343
151.859 19.8856 28.1164 364
111.75 18.621 23.2015 298
57.0153 18.8087 24.4451 329
71.7537 17.7396 22.351 236
182.016 17.1717 22.3409 418
151.603 21.0389 41.6472 831
197.914 21.2641 34.8462 807
220.418 14.6134 18.9897 211
112.838 18.3931 22.4603 339
238.665 14.1502 17.0725 152
81.9345 19.253 26.5314 367
127.447 16.2249 22.2986 491
157.222 19.2849 26.0242 390
191.062 17.8116 23.5774 745
112.897 18.0309 21.5966 216
101.494 14.5808 18.0686 312
100.844 18.1476 22.3761 270
129.577 17.862 21.5293 219
65.6715 19.3588 25.094 385
100.097 18.9134 23.0332 257
53.8756 17.9344 23.3483 244
116.602 17.4317 24.5331 740
121.726 18.8545 23.1903 299
66.9861 19.2774 24.5516 313
287.553 16.1414 21.5294 282
55.926 17.9811 21.8836 192
79.032 18.3316 25.7158 198
257.614 17.8221 22.8526 549
69.5785 18.1193 22.2049 265
170.342 16.5558 21.9328 282
226.521 15.3028 20.4891 242
106.757 15.4849 23.6659 249
105.185 15.6078 20.3923 326
114.713 14.3232 18.6866 204
244.635 18.5536 25.0939 226
165.955 17.7218 25.7253 516
121.145 18.8823 26.2422 352
196.914 16.879 22.1741 410
154.172 19.6628 24.7324 428
179.742 18.1985 24.3071 446
70.7817 19.1999 26.22 360
85.1489 18.2401 24.3383 234
124.944 17.2401 25.6516 467
84.3026 19.1179 23.9808 336
153.725 18.9092 24.9088 340
90.4793 17.9459 22.2685 216
68.8376 16.3474 21.7387 637
115.223 15.0494 20.2561 272
190.498 19.4152 26.3192 989
156.402 18.4597 22.366 280
108.205 18.9595 25.2374 255
142.495 16.9936 22.3744 523
80.899 19.9162 25.5277 444
166.345 18.7278 25.4208 249
99.3715 15.5304 20.3107 348
91.3476 18.835 26.7171 349
119.222 19.1833 25.5814 278
62.5353 19.0257 25.0608 337
45.251 18.3836 22.9072 243
58.4485 18.3274 22.8747 269
54.5831 19.4236 22.8527 442
182.559 18.0586 23.5138 1008
246.985 19.0253 27.4151 597
92.2246 19.585 25.6876 365
88.4989 15.0008 19.4504 241
134.126 16.9293 23.2288 481
232.599 16.0982 20.5345 401
103.381 19.2551 25.3728 290
55.668 18.4193 24.497 273
141.567 21.9418 39.0308 954
250.646 21.0903 41.0745 904
144.529 18.8254 24.5797 361
62.1974 19.1842 22.8224 311
184.384 16.6926 22.8139 312
109.701 19.409 24.433 369
130.772 15.6515 21.3635 332
214.311 17.6578 21.573 248
114.393 18.579 25.118 272
127.398 14 18.3033 209
121.663 16.936 22.1551 334
69.7014 17.6948 24.5451 465
122.086 19.5215 30.4245 388
59.5286 19.4894 23.9335 469
134.585 19.3763 23.6391 375
103.384 15.2401 22.3135 355
52.6285 18.2018 21.8431 192
91.9089 14.9508 18.8698 297
161.991 18.9006 24.1847 302
146.996 20.2605 35.8809 831
170.978 16.2594 20.7821 315
184.641 19.6124 25.3862 677
176.984 15.9354 24.7366 387
249.433 16.6932 22.3158 524
128.389 18.6849 25.1808 646
112.336 18.9172 23.2731 329
134.034 18.195 23.0113 229
115.956 15.5333 21.482 345
102.878 14.2541 21.4268 172
83.5015 19.3157 23.8011 275
236.23 18.0465 21.3839 247
73.9023 19.8185 25.9481 415
163.864 21.2308 31.1659 1127
72.9761 19.1187 25.2478 258
311.149 18.9527 26.6332 566
74.4311 18.5804 24.4895 383
116.772 18.3834 25.6508 248
173.121 15.4044 20.1328 323
150.832 15.984 21.5093 394
104.331 18.8683 22.7488 351
176.95 18.389 24.9643 291
189.582 19.2905 23.9617 334
54.7127 19.7623 25.9013 402
194.038 19.4315 26.1198 533
60.9879 18.5428 24.3616 208
107.322 15.0839 19.2125 251
78.0059 18.7675 23.0312 303
111.166 18.3508 23.4428 221
163.439 19.2881 25.365 257
73.791 14.9039 20.6507 322
130.387 19.6253 23.794 370
188.167 17.4637 26.0077 407
93.6007 18.4013 23.9804 283
121.092 19.3271 23.5541 347
69.4147 17.8844 21.6591 244
111.198 20.3215 26.4454 467
103.973 19.5154 26.4156 1141
109.623 16.3636 21.1456 589
95.6743 15.4693 20.4936 264
194.369 20.4182 36.1433 764
78.351 14.4269 18.7762 190
61.4875 18.6687 23.4002 292
199.083 15.9668 21.3068 220
140.984 19.3568 23.8691 389
106.112 18.5812 24.389 255
138.773 18.816 23.1978 256
115.256 19.5763 24.8798 442
119.339 18.904 23.8116 300
56.8435 18.1808 23.4368 205
168.141 18.3722 24.2531 570
93.8476 14.1361 17.7882 218
56.3022 20.4179 28.063 411
115.382 18.2078 24.6541 246
249.343 18.9621 25.4269 319
154.72 18.4679 24.3268 265
115.936 18.8146 23.2462 299
66.8846 19.085 23.0858 349
193.308 18.689 26.9073 250
154.694 18.3609 22.0169 289
71.494 19.0863 24.6172 310
147.425 15.9127 19.5213 385
184.453 15.9224 22.0429 470
179.512 17.1824 24.6364 684
94.4778 16.4878 22.8341 467
95.2537 18.6412 24.0939 311
96.3021 15.6159 20.1202 338
145.438 19.4751 25.6948 962
170.29 18.3973 25.2932 278
122.803 19.2315 26.7613 345
104.03 14.3236 18.8109 190
131.223 18.9098 23.0798 264
249.948 16.423 21.5093 579
99.5256 18.7989 23.1602 381
172.195 19.5816 26.242 429
89.8853 19.1102 25.322 275
115.267 16.4286 21.584 375
89.7765 19.0433 23.3843 452
102.14 15.7103 19.9062 319
143.654 19.2069 26.9164 429
218.557 19.716 26.7053 877
195.168 15.9177 22.0494 283
92.6611 19.4044 23.0835 440
172.352 14.4975 18.6719 238
228.272 19.3785 25.7754 280
202.53 18.4259 24.6939 287
168.501 18.1532 23.6808 309
149.753 19.5237 24.7795 856
125.074 17.65 24.6129 467
47.2238 19.0143 26.3777 229
93.049 18.4132 24.7463 302
68.7634 18.751 24.2151 241
93.2121 14.6219 18.6953 188
45.6362 18.7111 24.2794 327
86.5048 18.0545 21.6073 240
130.327 16.2022 20.8722 417