488044 295.579 500.375 8370
7031.2 18.4181 18.4181 212
18363.5 20.5298 20.5298 290
13308.3 21.1242 21.3621 188
55169.8 23.6981 23.6981 264
171410 20.6224 20.6224 354
6091.76 23.9343 24.4307 283
20726 29.9547 30.449 380
4362.95 22.0721 22.4587 239
16015.7 22.1561 22.7422 246
1.46296e+006 22.7701 22.7701 215
3449.68 16.8625 16.9216 145
2531.64 20.9746 21.2257 336
4919.75 22.4581 23.5297 264
35410.9 22.7187 23.0616 209
26517.3 19.7023 19.7023 254
6.24665e+006 44393.2 44341.3 6890
12061.2 32.5118 33.4736 643
2901.6 22.0598 22.2981 234
46464.3 21.1218 21.4982 198
9184.64 19.4746 19.4747 265
7871.11 22.4723 22.4723 496
82812.6 1824.58 2280.34 8957
120814 19.0061 19.0061 197
83620.3 215.521 326.092 8479
3.13119e+006 1696.11 2374.22 8420
6267.08 20.8086 21.4527 210
27525.9 19.4265 19.4291 245
407949 22.2533 22.2533 220
168479 2761.14 2799.14 9322
7110.1 21.3903 21.3903 170
15623 19.9573 19.9574 201
51228.1 22.2654 22.737 216
8608.72 21.3014 21.3014 197
15356.7 23.2417 23.4903 389
36612.2 23.1077 23.1077 237
2233.67 21.7556 22.0649 219
6163.03 17.9238 17.931 212
38241.3 21.2205 21.5304 209
2723.77 23.0267 23.2606 251
457247 9475.73 10063.3 9911
7089.6 21.478 22.2227 177
12772.3 22.9516 23.3191 194
651344 20.1153 20.1153 269
5835.68 22.1212 23.1227 195
26282.2 18.2123 18.2492 193
445383 19.9269 20.0539 238
8475.81 18.2471 18.2471 214
107428 18.6542 18.7424 231
56044.1 16.8248 16.8251 158
1.25813e+006 12595.4 12595.4 9395
14443.5 19.547 19.608 242
73599.8 21.9088 22.4954 258
665923 333.958 328.21 7494
4.50911e+006 264.514 277.76 7509
515117 20.3388 20.5671 271
19101.2 21.8189 21.8189 195
9070.76 21.7663 22.5166 212
19831.9 20.1782 20.1782 338
11872.7 23.7254 23.7254 375
2.61553e+006 11720 11720 9131
5290.83 21.4641 21.9108 206
2614.45 18.7325 18.7325 194
546880 19.344 19.3529 224
410300 1572.92 1849.93 9910
314910 22.9842 22.9842 378
22559.9 22.1825 22.1825 251
9278.12 19.9097 19.9114 259
12459.8 23.2883 23.2883 254
1420.58 21.0026 21.345 185
95300.7 17.287 17.2871 162
55802.5 21.6861 21.6861 199
39542.1 28.7841 29.598 394
4184.26 22.0487 22.7843 243
4109.98 22.6699 22.6699 213
4040.09 22.6365 23.7036 226
6330.51 24.122 24.6858 422
5955.8 20.7391 20.7391 379
880900 21.692 21.692 362
10402.4 23.191 23.191 251
4030.59 19.5052 19.5585 210
47432.7 19.7279 19.7299 241
1.25128e+006 19.2297 19.2578 339
10544.9 21.4335 21.9866 211
7598.73 22.425 22.7575 268
4168.29 23.5408 23.9464 938
467096 22.1825 22.427 659
2.71186e+006 22.0148 22.0148 202
9213.09 21.7798 22.086 234
19667.6 18.0907 18.0908 231
14476 22.7274 22.7274 290
12278.7 19.5534 19.5563 208
534615 20.6819 21.02 226
43120.2 25.673 25.9811 294
89283.8 18.3956 18.4427 195
27374.3 19.7596 19.7617 248
5618.51 18.9656 19.0088 241
111694 23.1217 23.1217 400
6087.7 23.6215 23.6215 402
583709 23.8613 23.8613 459
9658.01 17.9698 17.9742 178
3922.54 21.5413 21.9418 201
8478.13 18.239 18.2423 165
1882.1 1882.1 500.582 9425
6395.89 21.5913 21.5913 445
206980 19.0436 19.6507 211
41482.8 22.4248 22.4248 381
43744.7 18.9049 18.9061 203
88683.1 18.8262 18.8262 263
9717.74 20.7352 20.7352 410
32944.5 23.0042 23.3938 253
89668.1 21.2203 21.2203 208
75103 18.3135 18.3361 193
62677.5 17.0578 17.0919 146
12654.5 21.3132 21.3132 198
437440 21.0566 21.7043 210
22395.2 23.3695 23.7427 301
48581.2 22.1758 22.1758 493
12174.1 21.7108 22.3171 257
138440 21.0563 21.0563 303
7107.08 22.4288 22.8309 276
36609.3 21.6788 21.6788 180
33491.5 18.5093 18.5351 191
215903 18.8407 18.8545 196
120503 22.4513 22.7282 232
136414 4814.02 7070.29 9063
159381 22.6024 23.3172 309
6308.11 23.2 23.2 364
40202.3 22.2122 22.5053 308
2319.98 21.3491 21.3491 197
6275.19 18.6893 18.6894 219
219878 22.1863 22.8948 269
92126.4 21.3002 21.8241 198
68127.5 21.925 22.3531 208
2119.69 19.8016 19.8604 213
115924 21.8394 21.8394 209
21257.9 18.9646 18.9657 254
12818.7 21.9206 21.9206 214
74117.8 23.7266 24.1567 326
22969.6 21.9926 22.2289 237
18016.8 26.9613 27.81 466
2385.03 23.0373 23.0373 479
3838.4 21.6051 21.8797 365
98523.2 19.8645 19.8645 214
54650.3 22.1668 22.1668 415
224959 18.2658 18.2671 210
1668.13 23.253 23.8175 266
2.21766e+006 239.486 900.127 5504
167313 23.5881 23.5881 463
13890.9 21.5023 21.5023 176
12423.5 22.6653 23.1261 220
126083 22.7884 22.7884 292
1.1028e+006 23.0505 23.0505 276
3686.66 21.3177 21.6485 248
968275 1744.31 2757.33 8290
19291 17.7846 17.7846 160
4334.07 24.1651 24.1651 348
2.48591e+006 20.8323 20.8323 198
499398 24.1034 24.3665 273
401002 24.968 25.2755 300
182220 22.8099 22.8099 284
13152.7 23.3774 23.3774 320
180738 21.7611 21.7611 283
182180 22.8475 22.8475 224
5553.83 22.2076 23.0581 244
7309.81 22.5921 22.9469 361
140936 19.2851 19.2852 223
26208.1 5253.68 5253.68 8807
7330.38 19.4413 19.4414 302
8526.69 23.4079 24.0916 255
95918.2 19.1843 19.1844 248
59447.6 21.0495 21.0495 389
30949.2 22.3274 22.7578 211
13517.2 21.5168 22.5524 206
213950 18.8131 18.9812 176
22663.8 21.1671 21.1671 197
29669.5 18.2194 18.2742 176
25963.4 22.803 22.803 226
2.24578e+006 17018.2 17340.6 9038
30632.1 22.9 22.9 240
39977.3 18.7714 18.7714 251
9432.69 22.8291 23.2124 310
7520.75 19.438 19.438 226
61393.4 21.5038 21.5038 221
14099.7 20.2024 20.5707 579
77759.6 18.615 18.6152 223
25764.3 22.7855 22.7855 273
565132 17.6498 18.0255 164
85574.3 23.1036 23.1036 219
39852.4 22.2263 22.2263 216
1.01324e+006 22.5117 22.5117 178
15805.9 22.6042 22.6042 524
84027.3 18.2303 18.2499 180
3814.32 21.656 22.0861 179
23674.7 21.7945 21.7945 196
6542.46 22.4429 23.1984 201
45138.8 16.9485 16.9486 150
1375.55 22.3996 22.9999 237
25336.7 21.871 21.871 215
3.9522e+006 18.6547 18.6548 222
