49.69668312
16.78898222
9.861628965
9.762719312
9.745598818
9.727759215
9.6983031
9.660005334
9.654830226
9.646571305
9.643256846
9.639603263
9.634166487
9.631343482
9.629617032
9.627364013
9.626436664
9.62483827
9.622232921
9.619536855
9.618116058
9.617863093
9.617570758
9.61697236
9.61598169
9.614601438
9.614327446
9.614251398
9.614140663
9.613887278
9.613468721
9.612811845
9.612747231
9.612714183
9.612694203
9.612679372
9.612654876
9.612604462
9.612484578
9.61228159
9.611912335
9.61191044
9.611909543