48
 -1.06210240988 1.15414528279 0.0692506899281 -1.52878485527 0.740571517019 -4.56610028178 0.00372265898578 0.00469091655406 -0.106835498832 -0.0213062065843 -0.011579969707 1.30034219722e-006 1.34367189823e-005 6.95135791676e-006 -0.481099964803 -0.521023338451 -0.436964130802 0.546578981607 -0.796311747592 1.0627487816 -0.00692388410697 -0.00443564816609 0.626691427804 0.00589659181212 0.00245887728131 -1.42104389823e-005 -1.90300389583e-005 -5.93088968051e-006 0.384536520398 -0.00566017971936
 -0.792567239078 0.744206243413 0.0352521998516 -1.35560636578 0.166447314169 -2.40404809639 -0.132106300415 0.208322717101 0.0546209236744 -0.110475436035 -0.201086453839 -0.000753501874288 -0.000290141839218 0.00182187048581 -1.01296756821 -1.23826010043 -1.07792476081 0.0536276108111 -2.21397680305 3.4445917204 -0.0139299224481 -0.673556733586 1.76466470281 0.420618574767 -6.65172343296e-005 0.00154927733005 -0.00405505087521 -0.00330185903698 0.462107937955 -0.132104500533
 -0.641249691477 0.459735905643 0.0163208531998 -1.29825774233 -0.736724974664 0.310306879133 -0.0778652978762 -0.18204260937 0.604475232304 0.13325333354 -0.0780748327836 0.000378778749731 -0.00221323863677 -0.000599481257786 -1.15095495532 -1.06528930845 -1.12060178562 0.0521984186381 -2.42607131917 3.59984671203 -0.0470634561103 -0.785746627542 2.00002778312 0.592140091173 -0.0425365512373 0.00261843814432 -0.00654994993214 -0.00373535696577 0.470636519184 -0.0907059569574
 -0.599913975332 0.533395814822 0.0505059012723 -1.34493023473 -1.46207846838 1.81665015154 -0.0894283901184 -0.416314354259 1.08761170396 0.320169605364 -0.0672499396235 0.00115247335739 -0.00450609554063 -0.00155476000351 -1.18990110313 -0.790018726137 -1.09018621216 0.117859318066 -2.1388542115 2.92748765749 -0.107426376481 -0.657239497361 1.77419452002 0.538989990601 -0.118305791917 0.00223158330059 -0.00745256643136 -0.00244909535283 0.492450141323 0.0165801809303
 -0.475815986169 0.81479073399 0.134233105645 -1.38606226024 -1.49320011172 1.74154553837 -0.120786758916 -0.272350818914 0.978597690474 0.189347438717 -0.0736383603526 0.000230062426495 -0.00367357012972 -0.000720250131526 -1.16529329402 -0.603700973578 -1.0558321345 0.261981454784 -1.49539734439 1.67754172276 -0.143707190253 -0.381435421755 1.24466464483 0.313586667647 -0.155326361187 0.000741214315423 -0.0058028269772 -0.000621758283761 0.531057162181 0.125327069003
 -0.170622507594 1.08919009601 0.230342460232 -1.41590166288 -0.904317458446 0.754590416209 -0.100417041402 -0.0839773087571 0.34878973196 0.020450060169 -0.0116071171405 -0.000564580039819 -0.0010513462762 -0.000308598245484 -1.11740741317 -0.599236443453 -1.03309892443 0.443141018674 -0.928483469184 0.669332418485 -0.13047400733 -0.152026845853 0.852415698792 0.118440317197 -0.161067864007 -0.000361962781398 -0.00324277191135 0.000811707404919 0.558114291195 0.168892644052
 0.18329031873 1.34307962504 0.276742633634 -1.46804468989 -0.286416473902 0.0357104211245 -0.0194182545503 0.0496287573924 -0.378868034516 -0.062400739426 0.135014998612 -0.000274864949751 0.00131136734485 -0.00137760845676 -1.06384621844 -0.713174007834 -0.990056880847 0.533020957382 -0.465390822423 -0.0507945103508 -0.0721600146551 -0.0040599600259 0.712714085509 -0.00463242189381 -0.177020053422 -0.00061864425284 -0.000653074499076 0.00212269174832 0.550135124496 0.0958840231488
 0.295053924917 1.51122047105 0.191722138456 -1.44363119598 0.0528440171684 0.00182098060085 0.00659500359565 0.0531326292398 -1.23692560894 0.0207508114572 0.338996736762 1.53032069745e-005 -0.000508921437068 -0.0045287028857 -0.961829145816 -0.747616500315 -0.862308178252 0.375814000555 -0.109612166189 -0.594579213043 -0.0383161417257 0.0454590756324 0.839577559073 -0.096419918954 -0.246126764529 -0.000163373625288 0.00229815496859 0.0037802300479 0.532790455817 -0.0451812241293
 0.0264670011099 1.25383520719 -0.000651538029423 -1.16700491329 0.022567868132 0.578326314942 -0.001406461998 0.0114682462498 -1.93558910287 0.217116280552 0.492704717114 -0.00159268465974 -0.00674477038402 -0.00746315178229 -0.728792560676 -0.548632036011 -0.617320162708 0.0566613836999 0.0794428549193 -0.972379662502 0.0307196436045 0.0862228715628 1.15795635343 -0.219440395264 -0.316007476078 0.00208822752488 0.00731002668823 0.00558537616111 0.423145271771 -0.109504796159
 -0.185650519826 0.605003735414 -0.10058454855 -0.883564443433 -0.0202722782578 0.627414863173 -0.0153212268289 -0.0202105108978 -1.55105737846 0.220620095488 0.315877073686 -0.00244617701961 -0.00690327989542 -0.00485410172151 -0.452629038896 -0.361288178411 -0.347982519613 -0.107505088205 0.164734206656 -1.32059504366 0.0641306561774 0.0919953516534 1.52021552368 -0.325221462432 -0.394814706331 0.00448941446726 0.0114910850176 0.00709675356017 0.159429755244 -0.177582956972
 -0.259311170463 0.00660395030916 -0.110682530932 -0.847050681146 -0.0217592269787 -0.0463653553253 -0.00580142791782 -0.0162228845263 -0.371048054366 0.0125042762682 -0.0177638888527 -0.000208795322409 -0.000391923377457 0.000166663742196 -0.27601690529 -0.419890181851 -0.158282407212 -0.116996873799 -0.0269982835149 -0.923106572316 0.00129346244609 0.0288153168458 1.41893580685 -0.221661671209 -0.326636636169 0.00185026006563 0.00651760187378 0.0049192472559 -0.15984270488 -0.309108506634
 -0.295642970736 -0.500147420897 -0.0589970262222 -1.0985867201 0.0895730206816 0.338842412883 0.0116771835948 0.0108011256949 0.133022976786 -0.00411592344183 -0.00686840943424 -0.000106827152132 -0.000244275621592 -0.000149034320345 0.0497280085121 -0.0351388321953 -0.0547197853597 -0.119997237089 0.00523146107379 -0.0635374026077 -0.00370570284819 -0.00368412526064 0.030113399058 0.00248075675731 0.0024661998517 4.43894178216e-005 8.71275878828e-005 4.77140010488e-005 -0.31307147739 -0.022562414328
 -0.421168652616 -0.568895643976 0.144957032499 -1.34218018621 0.653474465142 0.848192713209 -0.173005610363 0.114674096046 -0.0363634234871 -0.16565955033 0.0307286447106 0.00438638825518 -0.00700760868952 0.000994471425603 0.840681348026 -0.294193362733 -0.995105775444 0.285807479014 -0.135764948476 -1.63297625665 -8.3465717006e-005 -0.163992287884 -0.158279763266 0.279612372552 -0.114322047946 0.00218974977636 0.00900866397907 -0.00258421626049 -0.234074915471 -0.086360881582
 -0.582939781347 -0.759164275509 0.130538050007 -1.49156527396 1.46626720753 1.23494181645 -0.347783906832 0.222245798144 -0.260417782241 -0.262998026221 0.0280759083121 0.00802039155538 -0.0134652672554 0.00219182051336 1.07303817246 -0.290909042475 -1.10431375737 0.256509354649 -0.202745511169 -2.48682242303 -0.053008933795 -0.237559238525 0.022185418386 0.409551637451 -0.156803918928 0.00638767355507 0.011554552412 -0.00425478188559 -0.303836530781 -0.127688696621
 -0.76497910914 -0.95088741126 0.0985646120048 -1.59858369045 1.96073958527 1.78335648946 -0.41166626434 0.34397874949 -0.687672222769 -0.410110017677 -0.00485015506926 0.00622398785219 -0.0208638681136 0.00303090451666 1.25088773839 -0.48796860794 -1.19229249955 0.170018585371 0.434534733557 -4.11481487704 -0.340267525495 -0.351587631305 0.387445959443 0.640677951297 -0.208221150603 0.0199718287221 0.0149716132604 -0.00658262779398 -0.362494582783 -0.143521874539
 -0.884949093785 -1.05009865686 0.0471015499173 -1.64277520858 2.18010683797 2.84047508988 -0.354038417245 0.520710718928 -1.47189615808 -0.651994862051 -0.0688620007261 -0.00186660636163 -0.0310233105758 0.00424373501186 1.26189120416 -0.867539755044 -1.2686556159 0.056979612496 1.60144639319 -6.95250606177 -0.847490583074 -0.532926012529 0.857089806535 0.970160856362 -0.335240658556 0.0406904649557 0.0174699191879 -0.0116623908259 -0.383633508591 -0.0774173978743
 -0.898119001605 -1.10759675325 -0.0322984871059 -1.63197666908 2.43834450241 3.87886735545 -0.269006790874 0.718501935136 -2.4773573251 -0.891168192319 -0.153412313691 -0.0107584307912 -0.0403685704464 0.00610701388256 1.14158757002 -1.3305602041 -1.3500517455 -0.0942453040502 3.08617720468 -10.5458950924 -1.48401770349 -0.693756262554 1.11696769321 1.24896985627 -0.599652812019 0.0600408537791 0.0103386649796 -0.0200034713262 -0.3437149433 0.0066342271133
 -0.811912152895 -1.20864847908 -0.13824389503 -1.58472475403 2.99793793646 3.7364269998 -0.307701731886 0.838979214407 -3.35164863809 -0.962492008183 -0.276579990044 -0.0125753590052 -0.0446132467502 0.00693909847263 0.987425398662 -1.85177702575 -1.45777496392 -0.267499487892 4.98845872743 -14.5434671319 -2.17938329309 -0.722048345991 0.759760430561 1.35032154941 -1.06046054095 0.071010507128 -0.012242139821 -0.0302393547601 -0.262597166016 0.0757192960751
 -0.647882557021 -1.40084135174 -0.261651090664 -1.51987509794 4.06359453039 1.00679079248 -0.634258148864 0.78273140776 -3.80614403248 -0.739203416706 -0.538683802728 -0.00270093971058 -0.0457678897256 0.00247563015419 0.865938334215 -2.47738739182 -1.60017585277 -0.44044656528 7.64730738919 -19.3135755688 -2.93857887961 -0.561665707237 -0.5263005239 1.25436315875 -1.78487821834 0.0731258371241 -0.0490958649556 -0.0407268329778 -0.139191514449 0.129683469748
 -0.428378554976 -1.67149231156 -0.384560325146 -1.45924415898 5.77332556693 -5.60609573711 -1.37666094355 0.468758811761 -3.79085674277 -0.182978706946 -1.13527122644 0.0168073790081 -0.05293517547 -0.0120731306906 0.810901431926 -3.24741777371 -1.76730786005 -0.584292638167 11.4547723831 -25.845527601 -3.82718056255 -0.191887179816 -2.90451789311 1.02359886915 -2.86087476103 0.0704632351321 -0.0968766752592 -0.0507267831838 0.0112993169013 0.198062182694
 -0.220272319859 -1.95563115062 -0.47803009471 -1.4369781176 8.15041648709 -15.8609211153 -2.45239646926 0.105932579609 -3.85966061691 0.356465147359 -2.22465788917 0.0334825984356 -0.0765161946856 -0.0323618939889 0.810190415687 -4.05180473882 -1.91147442593 -0.67675457115 16.344021948 -34.3974885655 -4.84688173717 0.34109843476 -6.32477567744 0.733400461421 -4.27956491574 0.0659296006073 -0.149671639317 -0.0589545535209 0.136511722606 0.278159632511
 -0.17582984564 -2.12714943323 -0.499698943733 -1.45794107025 10.1863772009 -23.1129814535 -2.96257750146 0.313516801025 -4.69760239994 0.292590834625 -2.96133133941 0.0324952259149 -0.0988967594809 -0.0357470040741 0.781805968842 -4.54559963232 -1.9776013544 -0.679940557714 20.6340221961 -41.0711575668 -5.51061589193 1.11207791001 -9.991502077 0.249409953691 -5.45465222292 0.0554721548312 -0.191518917595 -0.0557167657559 0.200848624226 0.34682069875
 -0.273424690891 -2.08117473452 -0.444786981375 -1.45809740654 10.1936540916 -23.5961305815 -2.91323059979 0.458987440738 -4.92899380504 0.209207447608 -3.0408006424 0.0275189051391 -0.0999757062288 -0.0307633133947 0.717381340781 -4.62489424076 -1.98268045539 -0.602853051727 21.3675139779 -41.8435283788 -5.46984243204 1.54893949616 -11.4114019903 -0.0563513744961 -5.71337270282 0.0445617605209 -0.198742920851 -0.0449735995847 0.216953262801 0.358435100654
 -0.404680825228 -1.7564671459 -0.322045048457 -1.41573364709 7.66036524597 -19.9152124211 -2.35681621571 0.360655876567 -3.1687986965 0.271787463567 -2.44237365769 0.0218968478008 -0.0792250430776 -0.0214699035298 0.673392860353 -4.51506957418 -1.95289405649 -0.439127153457 18.0734445792 -37.4069320772 -4.74730132242 1.52860722404 -9.36997258047 -0.0530248390766 -4.97595289941 0.0346299691445 -0.173063171946 -0.0288287035725 0.21202201029 0.362288660613
 -0.548995575816 -1.29125564905 -0.174535967818 -1.36444677233 4.38085607332 -14.4157016388 -1.63186694381 0.152923040412 -0.760653623318 0.395610511193 -1.62082460432 0.0171909158963 -0.052120418007 -0.0131887377388 0.64418718807 -4.21478613561 -1.86874631507 -0.23258834497 12.8368437185 -29.0070948986 -3.59488394571 1.2667253291 -5.67290572517 0.0757812596172 -3.66933802322 0.024967265565 -0.129820955259 -0.0123470246685 0.192765231615 0.343633283965
 -0.69232628772 -0.763431261173 -0.0304563672191 -1.3188733211 1.73589351438 -9.33489224074 -1.0044398362 -0.0583273089543 1.02759857342 0.492630782863 -0.942687089217 0.0139522846622 -0.0294906439007 -0.00881207187674 0.621591468383 -3.59482560875 -1.6998067498 -0.0196213744107 7.4318562746 -18.5630280141 -2.24847580994 0.853508360672 -2.36392027707 0.163213284539 -2.21628042411 0.0153822543988 -0.0796321148985 -0.0017515401349 0.159648057063 0.279809897043
 -0.816241620418 -0.280619470215 0.065262240039 -1.28431226429 0.173128008376 -5.76311798104 -0.597779163749 -0.192224850652 1.84148883584 0.519374209699 -0.537151026325 0.0118229777466 -0.0163313709118 -0.00707416596192 0.592234258286 -2.64267691437 -1.4958484675 0.132311657951 3.07858128373 -7.97752222836 -0.951034760877 0.43442376058 -0.732829828831 0.0599801161478 -0.916490682122 0.00516744935522 -0.0335081706361 0.00248864584877 0.112439649985 0.178017007427
 -0.87521093284 -0.0625926630806 0.070634060482 -1.24679693176 -0.231635866169 -4.33090746695 -0.469239917666 -0.197003276822 1.85629678984 0.487768049149 -0.417229416616 0.0106163164778 -0.0135071301673 -0.00576591845257 0.575056839931 -2.02906289876 -1.41554533434 0.138196598394 1.2506341345 -1.5692152369 -0.219635968037 0.27159586145 -0.850424483078 -0.15546696755 -0.215430957105 -0.00215168291712 -0.00929834485728 0.00418811812967 0.0863125140103 0.0819908774949
 -0.827353322667 -0.0838989968267 0.0329276589456 -1.18141686457 -0.0948975899631 -3.79751871586 -0.439631447482 -0.133862388802 1.41289773509 0.386239550505 -0.387823897279 0.00859318101974 -0.0134623290581 -0.00417561525934 0.570691304475 -2.05904510459 -1.41976811969 0.0671447544055 0.934649857835 -0.36298728887 -0.0939295502286 0.216182728576 -0.2396024083 0.00621207873857 -0.0528694681984 0.00131266933612 -0.0033391755469 0.00356794394104 0.0633518953308 0.0590271574236
 -0.677827582622 -0.127215400898 0.0205544118975 -1.10787354852 0.106669402842 -2.92150792748 -0.359511429906 -0.0610541937958 0.693123400141 0.213320015343 -0.316552705876 0.00507870309426 -0.011520345905 -0.0025184917264 0.482706136117 -2.10450240999 -1.37849981143 0.0240269674381 0.612344157711 -1.05759341511 -0.172948420885 0.0770228317457 1.50661064766 0.507895600374 -0.0338526061236 0.0102257186543 -0.00188962518289 0.00122363142203 0.0423422837029 0.0615423676872
 -0.598912043133 -0.0384204939981 0.0586525802645 -1.08625902687 0.219694914412 -1.7874878276 -0.234155902151 0.00391002715862 0.468105681447 0.153939341971 -0.189046992436 0.00380043978656 -0.00714429151141 -0.000726491353521 0.380421640347 -1.68417129138 -1.26956351841 0.0873316356049 0.320721662719 -1.336916978 -0.184052870695 0.0390877384901 1.38232752975 0.32584690057 -0.0922080038687 0.00626307131531 -0.00414338818195 0.000205938561837 0.0397164552151 0.0104139006259
 -0.612896161603 0.0679942766244 0.0671969988148 -1.08938468437 0.295895069378 -0.433814918115 -0.0520330703288 0.0720566240083 0.995412264026 0.275784515409 0.00876515675058 0.00574907351991 0.000519638140716 0.00144838079392 0.380114585885 -1.51067237602 -1.35400958493 0.118440192183 0.234687284934 -1.40250955088 -0.247141874976 0.0159315194234 0.351927727754 0.0723970779558 -0.207716243377 0.00163138168059 -0.0101027029799 -0.000753210615388 0.0716120094219 -0.0199039152771
 -0.593251384232 0.0482628324216 0.0330716201514 -1.09582505 0.39929598356 1.13401551326 0.201526210992 0.140026220759 1.78402884672 0.499688529163 0.253525034929 0.00936750117839 0.0095377342827 0.00305316438503 0.228490052469 -1.99632290256 -1.51568138553 0.0385835548942 0.143222040822 -4.33195532817 -0.870816968109 -0.099229064406 -0.718608440042 -0.350503954621 -0.834909421965 -0.00495689754196 -0.0342190959458 -0.00367552098027 0.111845108922 -0.0784211768735
 -0.595019194036 -0.00940976417196 -0.0111455764092 -1.11683901469 0.464538290365 1.92357759029 0.274422283966 0.140023842227 2.24611660582 0.593277693057 0.279939735424 0.0113038706276 0.0104598483323 0.00271236363757 -0.0688918207637 -2.52686205722 -1.64139037295 -0.0369206245911 0.0645436495885 -10.5578198208 -1.66466822645 -0.0878897250452 -2.72464181559 -0.723470716246 -1.52061409737 -0.0107306502492 -0.0561847073214 -0.00288033122488 0.131616739724 -0.179824441546
 -0.635860636806 -0.0977838476528 -0.052422933681 -1.13672274309 0.477418298855 1.54303264515 0.181038846291 0.12890297095 2.2207462363 0.587856579162 0.160390846022 0.0115214812 0.00607884081881 0.0022340821567 -0.323264929413 -2.84658033339 -1.63889429966 -0.118403478438 0.238363955825 -8.90578279203 -0.521914405557 0.0524879485844 -1.81682192928 -0.0880707129936 -0.458631919534 -0.000334369804719 -0.0155677574378 0.000843268755636 0.120045704158 -0.100548213838
 -0.672856383166 -0.226522508419 -0.0653269996517 -1.14727008072 0.468926414732 0.861263821191 0.129738322651 0.120353268972 2.04204666075 0.571666072442 0.0871758291656 0.0112740987288 0.00348869936355 0.0019778702688 -0.565787236244 -2.18353855059 -1.51185738702 -0.123556625187 0.449313954414 1.79497205171 0.263864223345 0.110833419596 1.70700941344 0.483312954174 0.207966284081 0.00958117245626 0.00822322382281 0.00171714758718 0.104370784039 0.127855872057
 -0.664499998895 -0.177287323921 -0.00304827744247 -1.14196931816 0.404416472191 0.587715408119 0.093825548344 0.0965756892452 1.80871418992 0.504462825741 0.0151639699906 0.00973370038241 0.000801815360932 0.00156817454511 -0.673487708234 -2.59769333786 -1.54883424707 0.0320826039653 0.57730048139 2.17489117961 0.31657027614 0.117408971435 0.381433012641 0.0787355087761 0.265705713451 0.00102747774005 0.010403175976 0.00133347073941 0.0833649740813 0.0649882305385
 -0.550174879507 0.129194158939 0.0966393257688 -1.14691132276 0.222397176509 -0.0495768920861 -0.00294246057453 0.0573497654482 1.27485569526 0.329743149232 -0.088362464372 0.00589729425805 -0.00304173988713 0.00129575768307 -0.327972186753 -2.40812203705 -1.41230845674 0.272764456328 0.247246795214 1.41503234193 0.176193926956 0.016430692816 -3.01141553683 -0.888751230267 0.364782210523 -0.0163145504231 0.0132123385202 -0.00136389572832 0.0377035583393 -0.0683499160778
 -0.515489453894 0.355337548351 0.0900684604928 -1.21192146705 0.104183220386 -0.50862746678 -0.0610286355247 0.0469558115018 1.08035890469 0.263085228047 -0.146608960602 0.00429004751167 -0.00470928064317 0.00152154204567 0.0880655602396 -1.94177455872 -1.2314648344 0.243233111966 -0.18954910499 0.852831565535 0.0982486643011 -0.0816930435386 -4.40606949629 -1.10288233079 0.446201001399 -0.0184747620847 0.0146700975998 -0.00364595719514 0.0160107799653 -0.0801680606007
 -0.625890996238 0.226195294681 0.000444249485766 -1.29686135459 0.108558745197 -0.520308461078 -0.06111422876 0.0467059312562 0.839690707051 0.194880438412 -0.123512788746 0.00296820030144 -0.00375612981173 0.00131622844222 0.189285394839 -1.40516228631 -0.997387747718 0.0577916729634 -0.273737442851 1.17863014769 0.134964181443 -0.112563353106 -3.04315457449 -0.721456124023 0.36015670325 -0.0112465791716 0.0110241772257 -0.00346310254173 0.00468723084119 -0.0112695315332
 -0.754327172679 0.0470654676109 -0.0684588323286 -1.41404446328 0.0870716058789 -0.415663460333 -0.0500555517585 0.0324111659454 0.468615039089 0.106692650564 -0.0733847025992 0.00156030048557 -0.00221424469726 0.00073015158541 0.226693058479 -0.910314701868 -0.854016006904 -0.0847231272121 -0.274152477811 1.05170333612 0.12239659701 -0.095852264199 -1.51595920315 -0.346395033084 0.200579571354 -0.00510290026427 0.00592344209776 -0.00210528056217 0.00264934620617 0.00155400222144
 -0.924441994629 -0.115355705183 -0.09576762062 -1.58075106156 0.0408980953149 -0.231857029097 -0.028648150574 0.012257185088 0.182942804021 0.041904035076 -0.0314483749317 0.000607888469691 -0.000962016389072 0.000219078984568 0.207101957344 -0.66554930839 -0.85759893678 -0.144568585438 -0.181790116606 0.575315883078 0.0682584579731 -0.0513162607419 -0.501698256898 -0.11424665909 0.0782358073974 -0.00165226677728 0.00230285928692 -0.000863244528784 0.00292757804208 0.00427192412497
 -1.19386540799 -0.254833617281 -0.093845705088 -1.80904572716 -0.00967694675318 -0.0830740765911 -0.010112466434 -0.00343135030443 0.046434240522 0.0110521565727 -0.00947375389695 0.000165044493998 -0.000281033580398 -6.28811875924e-005 0.210615465634 -0.705956941656 -0.966550343826 -0.141521040032 -0.0704243196166 0.185076323847 0.022776121778 -0.0164084682205 -0.110897495946 -0.0261800506125 0.0207637316157 -0.000388522719762 0.000620788423477 -0.000224677670421 0.00122799746231 0.00319534452528
 -1.64677709377 -0.412807353199 -0.0794203274009 -2.11314844523 -0.0458292039126 -0.0194990050219 -0.000906272399753 -0.0124352791405 0.00713421106525 0.00182845411939 -0.00209203288413 2.61483848077e-005 -1.52383123459e-005 -0.00019067395291 0.28316799549 -0.958004284026 -1.14518866034 -0.112165150359 -0.00852615848386 0.0381550761733 0.00461899288842 -0.00118185178837 -0.0160367333992 -0.00403942822232 0.00387961421331 -6.30550840668e-005 0.000105324585359 -6.08877070231e-006 -0.000998383282856 0.00340298709375
 -2.42939004027 -0.658188722322 -0.0610835907602 -2.5131686417 -0.0727894481258 -0.00277762415512 0.00315311618885 -0.018738201593 -0.000270497859756 -2.66596466672e-005 -0.000401171154669 -9.42722403326e-006 9.14417114007e-005 -0.000271543180594 0.439615137353 -1.45748111972 -1.40090881589 -0.0800810464301 0.0135328990126 0.00489837932207 -0.000116547358683 0.00365998784093 -0.00096499975725 -0.000288292631693 0.00051063594183 -3.33924649649e-006 -1.18919170344e-005 5.46366295638e-005 -0.00127213003115 -0.00135542961218
 -3.84139526067 -1.09353125587 -0.0412237173366 -2.99374632265 -0.106922194124 -0.000249636583087 0.00617665664975 -0.0263681066 -0.0012784705523 -0.000276379504583 -0.000208650888532 -2.40837875994e-005 0.000167354497893 -0.000362621654074 0.745429429543 -2.4539073643 -1.76516854726 -0.048576664813 0.0230911842416 0.000500831704456 -0.00126798166237 0.00565903828942 0.000216467961269 3.21696498926e-005 9.01074273526e-005 4.37358856578e-006 -3.81718717724e-005 7.71865886697e-005 0.00399664593632 -0.0025777783558
 -6.10797277502 -1.79573812662 -0.0209891187515 -3.18261408925 -0.155497056515 -0.000194468872424 0.00861979554245 -0.0326257710188 -0.00172845439211 -0.00037724650615 -0.000242549084702 -3.33730240364e-005 0.000206994697507 -0.000398363664661 1.39552387073 -4.63102391557 -2.21292549507 -0.0228968376071 0.0360698285857 -0.000137394395051 -0.00198433114596 0.00746995774989 -0.000112243327566 -2.30659214244e-005 -9.70804469512e-006 6.1106077153e-006 -5.17513095204e-005 9.09105064429e-005 0.00447499367446 -0.00310598859224
 -5.0425048049 -1.49904330572 -0.00148528494088 -1.31514772821 -0.123092842798 -0.000100909490135 0.000124285996386 -5.27298296592e-005 -0.00135633182092 -0.000384605536169 -8.37315651685e-006 -5.99201225979e-006 -2.17051055273e-008 -4.9501462399e-007 1.93967996247 -6.47488818746 -1.54365647232 -0.0001951069898 0.0476454417134 -0.00131381371807 -0.000358480785246 0.000150093872299 -0.000549949946477 -0.000109993221123 -0.000421049372758 -1.47024808221e-007 -1.47012316482e-005 8.90153160079e-008 -0.000906058163206 0.00132184085909