57
-0.0130924    -0.242592     0.0773034     
0.312357      0.142857      0.642201      
-0.167638     -0.130222     0.92291       
0.946104      0.456099      0.844661      
0.212989      -0.926145     -0.619922     
-0.597339     -0.132969     0.423688      
-0.340617     -0.45439      -0.868221     
-0.316996     0.100742      0.792718      
0.298685      0.65508       0.88464       
-0.918271     0.379803      0.7893        
0.043733      0.122837      0.00222785    
-0.61034      -0.757805     0.867367      
0.43376       0.990783      0.117588      
-0.356975     0.167272      0.00680563    
-0.292581     -0.989013     0.441267      
0.0544755     0.103183      -0.368084     
-0.312662     0.817377      -0.25547      
0.807062      0.451582      0.823176      
0.39317       0.370586      -0.68865      
0.59209       -0.921079     -0.881649     
-0.87878      -0.676748     -0.951109     
-0.86285      0.806146      0.40318       
-0.177099     0.199866      -0.666066     
-0.527573     -0.661916     -0.936705     
-0.595569     -0.467513     -0.179052     
0.050325      0.489975      -0.337992     
0.160375      -0.421003     -0.489853     
0.456404      0.456343      -0.628529     
0.684622      -0.705496     -0.784112     
0.272073      -0.696219     -0.798456     
0.802789      -0.528489     -0.780999     
-0.797174     -0.298929     -0.858699     
-0.481368     -0.0192572    -0.800043     
-0.144078     -0.100497     0.795892      
0.340861      0.730583      0.520493      
-0.597644     0.420087      0.851131      
0.554735      -0.0971404    -0.0842616    
0.247719      0.684927      -0.468734     
0.118686      -0.587024     -0.589221     
0.846431      0.584216      0.627125      
-0.88641      -0.853328     0.41728       
0.877438      0.16599       -0.796808     
-0.873653     -0.661611     0.611194      
0.242531      0.460677      -0.577563     
-0.857784     -0.239906     0.887753      
-0.223365     0.860652      -0.491317     
0.75103       -0.530747     -0.0845668    
0.665273      -0.694937     0.65978       
-0.690847     0.700797      -0.7069       
0.578784      0.0129093     0.0703452     
0.134068      -0.0621662    -0.760491     
-0.28135      -0.900571     0.281716      
-0.16538      -0.136448     0.177099      
0.287759      -0.222694     -0.409223     
0.737785      0.355022      -0.0483718    
-0.511887     -0.137181     0.17307       
-0.66924      0.559069      -0.312601     
