30
0.522935      -0.879574     -0.14182      
-0.634999     0.17655       0.318705      
0.333598      -0.905881     0.160009      
0.39787       -0.0246895    0.205237      
-0.0802942    0.695547      0.814753      
0.103183      -0.994079     -0.0563677    
-0.746086     -0.295206     0.957579      
-0.915464     -0.116611     0.238502      
0.543443      0.435957      -0.135533     
-0.208167     -0.369671     -0.494369     
0.551317      0.753349      0.729362      
-0.717277     -0.930235     0.515793      
-0.404645     -0.38609      -0.14597      
-0.379925     0.657888      -0.122532     
-0.43968      -0.344584     0.674795      
0.952879      -0.826838     -0.680044     
-0.0923185    0.801996      -0.368816     
-0.671743     0.947203      0.682852      
0.721915      0.267556      -0.531968     
-0.813837     0.00405896    -0.507553     
-0.0434889    0.187292      -0.454329     
0.724113      0.937437      0.505112      
-0.780145     0.708975      0.293802      
-0.817682     0.800653      0.870296      
0.346904      -0.0260323    -0.265542     
0.669301      -0.671438     -0.732414     
0.362529      0.116916      0.295694      
0.672597      -0.409284     0.452986      
-0.152501     0.685537      0.0925016     
-0.843196     -0.885495     0.0544145     
