48
0.544359      -0.034252     
-0.642079     -0.285641     
0.439985      0.317424      
0.0175481     -0.550069     
0.584887      -0.145229     
-0.213538     -0.644316     
0.704398      0.211912      
-0.168798     0.781611      
0.912961      -0.644651     
0.161412      0.404384      
0.731132      0.116466      
-0.302469     0.743788      
0.0846889     -0.350358     
0.160924      -0.342496     
0.493088      0.265794      
0.914365      -0.442831     
-0.711966     -0.246763     
-0.399091     -0.104865     
-0.147191     0.468957      
-0.979492     -0.130129     
0.264687      0.785158      
-0.123997     -0.364499     
0.215186      0.720921      
0.245338      -0.655102     
0.0984222     -0.721592     
-0.771172     0.464115      
0.769219      -0.703951     
-0.306497     -0.0135426    
0.192053      0.232285      
-0.807672     -0.523319     
-0.428999     -0.197722     
-0.454329     -0.572312     
0.116855      -0.361096     
-0.113498     -0.418046     
0.738639      0.36867       
0.266762      0.541727      
0.144688      0.316225      
0.518357      -0.710087     
-0.348979     -0.251461     
0.968688      0.612532      
0.264321      0.750691      
-0.578356     0.318239      
-0.220252     0.538324      
0.48558       0.410328      
0.571154      0.722887      
-0.940733     0.632906      
0.122227      0.341057      
0.997986      -0.516752     
