23
0.4785        -0.619627     
0.964049      -0.736213     
0.885372      -0.75582      
0.511643      -0.488276     
-0.458174     -0.277108     
-0.318094     -0.324519     
0.741447      -0.457739     
-0.705557     -0.104338     
0.799005      -0.756875     
0.0477004     -0.0736573    
0.891964      -0.768955     
0.249428      -0.692206     
-0.935545     -0.680988     
0.496384      -0.634249     
0.430952      -0.198441     
0.204871      -0.384586     
0.194128      0.0539067     
0.668081      0.159946      
-0.677786     -0.0542902    
0.727531      0.140723      
0.499252      -0.393742     
0.585986      0.001558      
0.17069       -0.00472193   
