38
0.442915      0.188613      
0.256569      0.0159395     
0.0868252     -0.605677     
0.487777      0.449878      
0.410566      0.242976      
0.76104       0.159707      
0.694205      -0.0775403    
-0.216712     -0.305631     
0.899533      0.170397      
0.629749      0.0116251     
-0.309854     0.0912986     
-0.570482     -0.68444      
0.0596026     -0.595994     
-0.688772     0.75419       
-0.0457472    0.378689      
-0.42729      0.660806      
-0.563036     -0.255152     
0.00979644    0.252467      
-0.192541     0.397529      
0.231483      0.43588       
-0.242225     -0.374087     
0.665822      -0.190627     
0.151585      0.0268695     
-0.763421     -0.532092     
0.180029      -0.622552     
0.824458      -0.691583     
-0.426313     0.347817      
0.434919      -0.0693428    
0.377728      0.273129      
0.286111      0.60702       
0.112094      -0.00170181   
0.190039      0.148585      
-0.183325     -0.521593     
-0.599414     -0.0731779    
0.735221      -0.0321427    
0.939451      -0.238421     
0.209449      0.0526603     
0.604907      -0.443166     
