39
0.996277      -0.134587     
0.0214545     0.0919697     
0.358196      -0.756587     
-0.0477004    0.367903      
0.826411      0.0927368     
0.892087      0.474134      
-0.159581     -0.494844     
0.904843      -0.354816     
-0.361309     -0.130273     
-0.293374     -0.256015     
0.0885342     0.69072       
0.295206      -0.316369     
-0.950499     0.398679      
0.5562        -0.0974827    
-0.634022     -0.460328     
0.765069      -0.752608     
-0.222144     0.284586      
0.479598      -0.0539067    
0.707327      0.610711      
0.44731       -0.768764     
0.452132      -0.682762     
-0.244667     0.143264      
-0.708731     0.422121      
0.704093      0.502897      
-0.337016     0.358076      
0.977233      0.506876      
-0.996765     0.290291      
0.406842      -0.0967156    
0.278115      0.13545       
0.623707      -0.201317     
-0.725272     0.699301      
0.890011      0.431421      
-0.822016     -0.080081     
0.27543       -0.737316     
0.559679      0.677393      
0.848872      0.246044      
-0.734306     0.485256      
-0.71099      0.690193      
-0.691763     -0.459801     
