32
0.888791      0.434441      
0.655202      0.613635      
-0.272683     -0.0606181    
0.895138      0.523463      
-0.26249      -0.409705     
0.0779138     -0.155296     
0.77044       0.291825      
0.442427      0.186169      
0.454024      -0.492255     
-0.128147     -0.406158     
0.907468      -0.696425     
0.839961      -0.697335     
0.356426      -0.619531     
0.098056      -0.14312      
0.717643      0.225382      
-0.0702231    -0.708984     
-0.468734     -0.34101      
0.330912      0.046668      
-0.456587     0.591919      
0.978759      -0.264644     
-0.817866     0.082478      
-0.490463     0.395228      
0.647145      0.427634      
0.885434      0.654814      
0.177892      0.615313      
-0.645558     0.737747      
0.289224      0.693261      
-0.93231      -0.130752     
0.953795      0.284826      
-0.38786      0.0655078     
-0.815485     0.126677      
0.783807      -0.179649     
