23
0.882076      0.166993      
0.62566       -0.30031      
-0.0846278    -0.774708     
0.78045       -0.71373      
0.428877      -0.297098     
0.0447096     -0.127924     
-0.895749     -0.711525     
0.646535      -0.663059     
-0.270302     -0.598199     
0.797723      -0.695514     
-0.487594     -0.365458     
-0.100436     -0.644507     
0.162633      0.63329       
0.336589      -0.430079     
-0.294351     -0.664258     
0.217322      -0.676195     
0.321268      -0.32054      
0.265053      0.273273      
-0.0329295    -0.576195     
-0.414533     0.649924      
0.81341       0.327539      
0.513047      0.755916      
0.112583      -0.223129     
