44
-0.0900601    0.289811      
0.345927      0.106351      
0.198401      0.0477706     
0.555284      0.073082      
0.618641      -0.00611214   
-0.200415     0.769099      
0.67101       -0.269725     
-0.126377     0.222027      
-0.0104678    0.691535      
0.237037      -0.575524     
0.661122      -0.765791     
-0.593921     -0.694171     
-0.48497      -0.427442     
0.978881      0.10544       
0.858882      -0.745849     
0.519761      -0.031088     
-0.71984      -0.755772     
-0.189367     -0.13684      
0.175268      0.291537      
0.892209      0.0584608     
0.342936      0.508314      
0.00875881    0.210186      
-0.0770592    0.392447      
0.238624      0.315027      
0.353496      0.24101       
-0.985229     0.290099      
0.60033       0.209515      
-0.961547     -0.288229     
0.660939      0.123897      
0.660451      -0.0901481    
-0.723197     0.765024      
0.235939      0.395707      
-0.00881985   0.408075      
-0.737114     0.326676      
-0.342936     0.481757      
-0.325602     -0.580174     
0.855953      -0.380223     
-0.33903      -0.488564     
0.555284      -0.301221     
0.642872      -0.527729     
-0.899533     0.309562      
-0.241066     -0.399159     
-0.739067     -0.769003     
0.955809      -0.236887