22
-0.728622     -0.590968     
-0.593577     0.741943      
-0.302797     0.539743      
-0.730224     -0.285859     
-0.746887     0.00423444    
0.00812555    0.688612      
0.0841166     0.290025      
-0.0592135    0.404561      
-0.682112     0.0293207     
0.569636      0.620083      
-0.476341     0.66348       
0.465262      0.532189      
0.673276      -0.187941     
0.194807      -0.0374233    
0.199889      0.0781655     
0.615688      0.358325      
-0.0273064    -0.140057     
0.0311975     0.162168      
0.339328      0.658307      
0.412572      -0.0174184    
0.164457      0.0383847     
0.669568      -0.734024     
